67.13 29.69 15 0.43 -1.76 1.33 0.24 -0.70 -1.76 24 X Y 071377A        
66.43 29.83 39 0.31 -0.91 0.61 -0.46 -0.39 -1.57 25 X Y 031678A        
82.03 33.03 10 -1.91 -6.36 8.27 2.62 -3.12 -0.29 24 X Y 040478A        
66.20 29.80 33 1.03 -3.37 2.34 -0.79 -1.39 -7.06 24 X Y 050678A        
72.16 39.34 15 2.88 -5.93 3.05 -0.18 -4.61 -6.66 25 X Y 110178A        
66.05 28.59 33 -0.31 0.18 0.12 0.28 1.15 -5.26 23 X Y 121078A        
74.29 39.28 97 2.64 -8.55 5.91 -0.06 -1.66 2.04 23 X Y 041779B        
69.47 29.48 15 -0.34 -1.09 1.43 -0.32 -0.33 -0.44 24 X Y 120581A        
72.59 37.80 146 -1.06 0.87 0.19 -1.20 -0.94 -2.80 24 X Y 030782A        
75.11 39.94 15 -0.44 -2.08 2.52 0.83 -1.03 0.45 25 X Y 021383A        
78.15 32.29 10 -1.61 -2.69 4.31 2.70 -0.19 -7.30 23 X Y 022783B        
75.30 40.27 15 -1.49 -3.99 5.48 3.16 -2.60 -0.09 24 X Y 040583A        
79.92 35.41 13 -2.14 -2.45 4.59 1.19 0.55 -0.06 23 X Y 053183A        
73.87 39.09 15 0.46 -4.12 3.67 2.81 -1.93 -2.10 23 X Y 082583A        
71.03 38.99 12 0.98 -2.24 1.27 -0.17 0.09 -0.55 25 X Y 102684D        
72.96 38.35 117 0.68 -1.47 0.79 -0.33 -0.94 -2.10 24 X Y 042785B        
83.37 34.55 10 -0.53 -0.60 1.13 -0.23 0.06 0.07 24 X Y 061585A        
76.46 39.31 15 -0.14 -4.00 4.14 -0.08 0.51 -1.03 23 X Y 082385A        
80.15 34.24 15 -3.22 -0.18 3.40 1.51 -1.62 9.43 24 X Y 070686A        
71.13 36.47 97 0.04 -1.60 1.56 1.77 -0.91 -1.36 24 X Y 071786B        
71.64 37.51 44 -0.58 -1.63 2.22 -0.19 -0.50 -0.07 24 X Y 092588A        
70.37 35.76 215 1.60 0.77 -2.38 6.47 -5.71 -6.91 23 X Y 102688A        
66.16 28.66 28 0.02 -0.36 0.34 0.14 0.28 -1.27 25 X Y 030490B        
73.09 39.04 22 -0.10 -0.23 0.33 -0.12 0.74 -1.02 24 X Y 032990C        
68.36 33.06 15 -1.70 2.15 -0.45 -2.96 -0.79 -4.36 23 X Y 040290B        
74.78 39.29 15 0.86 -8.82 7.96 1.67 -8.04 -3.72 24 X Y 041790A        
69.52 34.16 33 -0.57 0.03 0.54 0.28 -0.43 -1.05 24 X Y 041990D        
66.46 28.70 15 -0.01 0.38 -0.38 -1.33 0.43 -1.81 24 X Y 042790B        
74.58 38.12 116 0.41 -3.59 3.18 1.07 1.66 -2.49 24 X Y 051790C        
78.24 43.18 15 0.62 -2.41 1.78 0.76 -1.75 -1.66 25 X Y 111290B        
70.48 38.03 77 -0.23 -0.01 0.24 -0.33 -0.05 -2.89 24 X Y 122090A        
74.45 35.13 103 0.28 -0.24 -0.04 0.04 -0.12 1.68 24 X Y 012492A        
66.92 31.42 15 -0.28 -1.55 1.83 0.10 0.02 -1.02 24 X Y 020592E        
80.75 36.17 17 -0.44 -1.97 2.40 -1.95 2.03 2.19 24 X Y 040592B        
66.69 28.43 15 -0.03 -1.96 1.99 -0.39 -0.92 -1.33 24 X Y 082892A        
78.15 35.81 15 -0.76 0.75 0.01 1.58 -2.13 6.80 23 X Y 040893B        
77.53 35.19 15 -1.06 1.49 -0.43 -0.42 0.98 3.84 23 X Y 061593D        
66.88 30.54 33 0.13 -2.32 2.19 -0.39 -0.62 -2.08 24 X Y 111693B        
76.50 39.73 19 0.33 -2.79 2.46 0.57 -0.51 -0.57 24 X Y 113093E        
76.53 39.15 32 0.87 -1.97 1.10 -0.03 1.12 -0.51 24 X Y 011294E        
71.36 37.17 130 1.71 -6.82 5.11 1.25 -7.64 -5.39 23 X Y 012995A        
70.84 39.62 27 -0.10 -0.55 0.65 -3.34 -1.07 -9.09 23 X Y 022095B        
69.00 28.61 33 0.16 -4.84 4.68 2.21 1.75 -1.45 23 X Y 062196A        
77.86 35.45 15 -0.24 0.28 -0.05 -0.90 -0.60 2.16 26 X Y 111996B        
77.26 39.51 33 -0.05 -7.45 7.50 1.71 1.11 -0.04 24 X Y 012197B        
76.89 39.40 22 -0.97 0.43 0.55 -0.40 0.19 3.30 24 X Y 030197A        
68.65 28.95 33 0.72 -4.69 3.97 -0.89 -0.92 0.75 24 X Y 030497E        
76.93 39.41 33 -3.12 -2.95 6.07 -1.22 -1.65 6.05 24 X Y 040597G        
76.99 39.69 23 -3.53 -0.90 4.43 -1.22 -0.49 5.70 24 X Y 041597F        
77.18 39.80 34 -2.18 -1.79 3.97 1.13 0.05 4.48 23 X Y 062497A        
81.02 35.75 33 -0.64 -4.17 4.81 -1.99 5.69 5.16 23 X Y 101597H        
77.07 39.59 33 -1.47 -6.87 8.34 1.53 1.37 8.88 23 X Y 101797D        
69.92 37.13 34 0.87 -7.59 6.72 2.06 -0.51 -3.81 24 X Y 020498B        
70.08 37.38 24 0.56 -5.32 4.76 2.06 0.57 -5.74 25 X Y 053098A        
69.91 37.21 33 0.53 -4.11 3.58 -1.02 -0.43 2.80 23 X Y 060698C        
69.68 30.00 33 1.91 -1.55 -0.35 -1.41 1.46 -4.79 23 X Y 062698A        
70.07 37.03 33 0.26 -1.55 1.29 -1.48 -1.64 -5.11 23 X Y 062998A        
68.55 29.10 50 0.35 -1.68 1.34 0.21 -0.19 0.39 24 X Y 080598A        
77.22 39.51 32 -0.36 -3.15 3.51 0.31 -0.73 1.86 25 X Y 082798B        
68.77 34.26 33 -0.58 -5.57 6.15 5.24 -0.35 -9.94 24 X Y 021199B        
75.45 37.61 150 2.86 2.57 -5.43 -0.41 1.29 -2.07 23 X Y 041799C        
73.10 38.47 56 -1.63 -7.58 9.21 1.79 3.33 -4.69 23 X Y 062999D        
72.52 37.55 68 0.02 -1.12 1.10 -0.04 0.09 -0.37 24 X Y 070899B        
69.66 29.90 15 2.02 -1.62 -0.40 -0.16 0.83 -3.28 24 X Y 071299A        
69.23 36.37 24 1.32 -1.23 -0.09 4.36 -2.46 -4.31 23 X Y 080399C        
66.44 38.94 55 1.78 2.44 -4.22 1.35 -0.77 0.49 23 X Y 103199B        
69.72 37.15 85 2.49 -1.95 -0.54 -0.15 0.42 -5.82 23 X Y 010100A        
72.43 37.82 152 -0.09 0.92 -0.84 0.30 -0.76 -2.72 24 X Y 050100B        
77.43 35.24 40 -0.13 0.01 0.12 -0.31 -0.03 1.36 24 X Y 061900G        
69.32 32.15 33 -0.51 -1.60 2.11 3.69 -3.45 -8.02 23 X Y 030901A        
70.08 30.30 33 1.05 2.64 -3.70 2.24 2.63 -4.07 23 X Y 063001B        
70.40 37.48 76 -0.00 -0.31 0.32 -0.23 0.34 -2.37 23 X Y 032202A        
73.38 38.41 140 -0.61 -1.12 1.74 -1.06 -0.39 -0.91 24 X Y 041402A        
70.10 30.41 33 0.27 0.78 -1.05 1.97 1.55 -4.10 24 X Y 071302D        
71.96 39.68 32 -0.31 -0.29 0.60 0.18 -0.85 -1.41 24 X Y 090502C        
72.10 39.95 33 -0.75 0.25 0.50 0.82 -2.00 -3.23 23 X Y 110102A        
77.11 39.72 33 -2.02 -4.25 6.26 2.79 -0.92 5.45 23 X Y 010403C        
77.62 39.52 15 0.02 -0.77 0.74 0.17 -0.39 -0.80 24 X Y 022503A        
77.47 39.74 15 0.33 -3.36 3.04 2.17 1.00 1.80 23 X Y 031503F        
70.50 35.82 119 1.47 5.39 -6.86 3.19 1.18 -1.12 23 X Y 040203B        
77.39 38.86 15 -0.34 -4.25 4.58 1.90 2.86 -0.98 24 X Y 050403C        
73.15 38.79 111 0.25 -1.05 0.80 -0.11 0.41 -0.04 24 X Y 032104B        
71.10 37.50 73 0.76 -2.31 1.55 -0.12 -0.97 0.73 23 X Y 043004B        
70.98 36.28 131 0.31 -5.97 5.66 1.94 0.23 -0.68 23 X Y 050704B        
70.48 35.89 51 0.46 0.79 -1.26 0.63 0.58 0.59 24 X Y 071504D        
69.63 33.43 17 0.46 -6.02 5.56 3.73 0.16 -1.07 23 X Y 071804E        
65.36 28.71 48 -0.71 -2.33 3.05 -1.04 2.28 3.54 23 X Y 072204B        
69.92 30.76 12 0.01 0.04 -0.05 0.74 -0.50 -0.87 24 X Y 081304A        
80.97 30.88 12 -1.46 -1.31 2.77 -0.37 -0.36 -2.47 24 X Y 102604A        
74.37 35.20 15 -0.45 3.04 -2.59 0.18 -1.09 0.86 23 X Y 103104C        
71.75 39.44 25 -0.81 -2.06 2.88 0.58 -0.67 -4.39 23 X Y 111704B        
71.76 39.27 23 -0.57 -0.80 1.37 0.23 0.04 -5.88 24 X Y 111704E        
71.74 39.14 27 0.28 -3.22 2.94 -0.94 0.41 0.49 23 X Y 111804C        
71.71 39.28 12 0.75 -1.27 0.52 0.49 -0.17 -1.27 23 X Y 111804H        
67.61 35.68 20 -0.35 0.84 -0.49 -0.24 0.05 -0.77 24 X Y 200501181530A  
71.06 36.79 100 -0.12 -0.57 0.69 0.82 -0.20 -2.46 24 X Y 200507010348A  
79.66 39.88 46 1.63 -4.21 2.59 -1.02 2.20 -0.44 23 X Y 200508242232A  
68.98 36.44 22 0.98 -1.12 0.14 -0.05 -1.65 -3.33 23 X Y 200508311245A  
73.26 34.60 12 0.95 -1.95 1.01 -0.64 -1.04 1.49 23 X Y 200510090922A  
67.29 32.03 15 -0.10 -2.90 3.00 1.09 0.48 -1.31 23 X Y 200510210803A  
81.28 29.39 47 0.23 0.13 -0.37 0.84 -0.35 1.13 23 X Y 200510310551A  
73.19 34.67 12 3.72 -5.26 1.53 2.88 -0.06 5.77 23 X Y 200511210826A  
73.15 34.84 29 0.57 1.90 -2.47 1.85 -1.46 5.35 23 X Y 200512282204A  
71.70 39.22 13 3.37 -5.24 1.87 -0.12 1.01 -3.65 24 X Y 200607060357A  
74.67 37.57 24 -1.11 -2.35 3.45 -0.19 -0.14 -1.00 24 X Y 200608061426A  
77.43 39.47 21 0.06 -1.78 1.71 0.29 0.38 -1.40 23 X Y 200608300805A  
78.09 35.62 19 -0.95 0.06 0.89 0.32 -0.41 1.98 24 X Y 200609111812A  
70.17 39.85 23 0.29 -0.33 0.04 0.54 -0.24 -1.26 25 X Y 200701081721A  
65.46 35.68 19 -0.33 0.22 0.10 0.52 -0.60 -3.54 23 X Y 200701151124A  
74.81 39.60 26 0.06 -2.52 2.45 -0.65 -0.58 -0.35 23 X Y 200704152220A  
81.97 34.33 24 -0.53 -1.25 1.78 0.01 -0.10 -0.25 25 X Y 200705050851A  
82.38 42.93 25 0.31 -2.53 2.21 0.86 0.69 0.79 24 X Y 200707201006A  
69.97 30.43 12 -0.17 0.39 -0.22 0.22 -0.05 -1.05 24 X Y 200709090200A  
66.14 28.38 17 -0.20 -0.97 1.17 0.13 0.02 -1.57 24 X Y 200710190719A  
76.62 35.27 12 -2.21 2.18 0.03 -0.29 -2.18 6.15 23 X Y 200710260650A  
72.95 38.50 126 -0.06 0.47 -0.41 -0.15 -0.89 -1.75 24 X Y 200711060215A  
77.53 35.06 21 -1.22 0.17 1.05 0.44 -2.73 3.89 23 X Y 200712111556A  
70.02 30.48 13 -0.05 1.61 -1.56 0.91 0.07 -2.52 23 X Y 200712180556A  
81.16 35.09 28 -1.17 -2.18 3.35 1.59 -0.87 0.30 23 X Y 200803212052B  
81.64 35.80 28 -0.41 -4.30 4.72 0.78 -2.26 -0.46 23 X Y 200803240758A  
81.66 35.85 18 -0.12 -0.67 0.78 -0.04 -0.22 0.19 24 X Y 200803261039A  
81.29 35.28 35 -0.60 -3.21 3.80 -0.31 -1.24 -0.74 23 X Y 200804180301A  
83.92 31.70 21 -0.93 -1.32 2.25 0.48 0.09 1.21 23 X Y 200808082148A  
83.72 30.85 24 -1.11 -2.68 3.79 1.24 -0.34 0.38 23 X Y 200808252040A  
83.67 30.73 22 0.04 -3.71 3.66 1.98 0.38 -1.94 23 X Y 200808302131A  
80.24 30.08 23 -1.23 -2.28 3.52 1.62 0.56 1.52 23 X Y 200809041253A  
83.71 30.79 20 -0.23 -0.81 1.03 0.28 0.05 -0.66 24 X Y 200809100114A  
83.64 30.69 20 -0.12 -1.34 1.46 0.84 0.10 -0.06 24 X Y 200809100128A  
73.23 38.30 146 -0.32 0.28 0.03 -0.54 -0.34 -0.69 24 X Y 200809200254A  
83.69 30.66 21 -0.27 -0.77 1.04 0.26 0.04 -0.53 25 X Y 200809250147A  
83.71 30.72 23 -0.76 -1.56 2.32 1.05 -0.40 -1.49 23 X Y 200809252017A  
69.48 33.91 17 0.10 -1.05 0.95 0.28 0.00 -0.21 25 X Y 200810052256A  
70.71 36.17 123 0.48 -0.78 0.30 -0.12 0.52 -0.48 24 X Y 200810130807A  
73.88 39.54 21 0.63 -5.36 4.73 1.34 -0.98 -1.20 23 X Y 200810130923A  
67.43 30.47 17 0.56 -1.31 0.74 0.16 -0.22 -0.02 24 X Y 200810282233A  
67.48 30.40 17 0.90 -5.01 4.11 0.42 1.38 -1.59 25 X Y 200810282309A  
67.57 30.29 12 1.00 -5.31 4.30 2.21 0.50 1.29 25 X Y 200810291132A  
67.56 30.31 20 -0.57 -1.65 2.22 -0.44 -0.02 -1.20 23 X Y 200811151521A  
82.01 29.65 20 -0.26 -0.68 0.94 0.39 -0.24 0.26 24 X Y 200812080859A  
67.48 30.32 17 -0.06 -0.63 0.70 0.04 0.23 0.50 24 X Y 200812090246A  
67.50 30.31 15 -0.10 -0.96 1.06 0.08 0.53 0.63 24 X Y 200812090553A  
67.51 30.33 16 -0.40 -3.03 3.43 -0.35 0.97 2.10 24 X Y 200812092252A  
72.04 38.67 29 -0.06 -1.98 2.04 0.56 1.26 -2.32 23 X Y 200901252116A  
83.95 30.43 20 0.26 -3.70 3.44 1.61 -0.91 -2.97 23 X Y 200902181011A  
71.38 38.39 20 -3.32 -4.02 7.33 0.87 -1.00 1.77 23 X Y 200903031422A  
78.32 41.29 26 -0.02 -1.36 1.38 0.05 -0.04 -0.41 24 X Y 200904190408A  
81.82 32.79 27 -0.66 -2.63 3.29 1.18 -0.11 -1.33 23 X Y 200906040254A  
73.47 39.66 19 -0.28 -6.19 6.47 -0.48 0.61 -2.29 23 X Y 200907010029A  
71.52 37.40 132 0.37 2.53 -2.90 -1.46 -1.94 0.74 23 X Y 200907022350A  
70.50 39.09 22 1.20 -0.03 -1.17 -0.20 -0.39 -2.31 23 X Y 200908260726A  
83.55 30.56 21 -2.38 -2.46 4.84 -0.69 0.64 -0.16 23 X Y 200909290601A  
70.71 38.76 20 -0.13 -4.22 4.35 -0.04 0.45 0.34 23 X Y 200910131247A  
80.25 34.94 18 0.67 -1.25 0.58 1.84 -0.25 3.29 23 X Y 200910251140A  
81.38 35.39 26 -0.13 -2.22 2.35 1.62 -1.18 -0.11 23 X Y 200911260014A  
66.56 28.28 18 -0.29 -1.11 1.40 0.88 -0.01 -1.46 23 X Y 200912121622A  
83.91 30.43 16 0.50 -5.78 5.28 1.68 -2.19 -4.47 23 X Y 201001010222A  
71.41 38.40 14 -0.86 -0.96 1.82 0.33 -0.44 0.66 24 X Y 201001020215A  
82.00 30.53 23 -0.28 -1.90 2.18 1.09 0.57 -1.76 23 X Y 201003152017A  
74.66 37.50 19 -2.90 -2.94 5.83 -2.87 0.01 -1.91 23 X Y 201003231502A  
74.70 37.65 24 -1.46 -2.17 3.63 0.83 -1.10 -1.37 23 X Y 201003231551A  
67.49 35.83 17 0.34 0.44 -0.79 0.19 -0.04 -2.79 24 X Y 201004182028A  
66.31 28.10 20 1.11 -6.24 5.13 1.25 0.25 -3.63 23 X Y 201008142018A  
73.98 39.58 21 0.28 -1.75 1.47 0.11 0.16 -0.15 24 X Y 201009071541A  
72.91 38.47 118 -1.20 1.40 -0.20 -0.31 -2.93 -3.16 23 X Y 201011250927A  
72.77 39.41 21 0.61 -0.13 -0.47 0.58 0.19 -2.05 24 X Y 201012080821A  
66.17 28.03 13 0.69 -2.66 1.98 0.98 -0.55 -1.08 23 X Y 201107241038A  
70.45 39.00 41 0.84 1.00 -1.84 -1.30 0.28 -1.53 23 X Y 201109081946A  
82.46 36.45 12 -0.38 -0.79 1.17 0.14 0.13 0.82 24 X Y 201109151527A  
81.57 35.63 24 -0.17 -2.89 3.06 1.75 -0.22 0.65 23 X Y 201110202053A  
83.80 31.57 22 -2.15 -4.27 6.42 0.39 0.18 2.82 23 X Y 201112010350A  
82.92 32.32 21 -0.01 -1.06 1.06 -0.04 -0.53 -0.66 24 X Y 201202171544A  
79.64 35.80 25 -0.23 -2.50 2.74 0.80 -0.23 1.48 23 X Y 201202201359A  
79.65 35.76 29 -0.70 -4.87 5.57 1.53 -0.56 2.84 23 X Y 201202201418A  
82.59 34.49 33 -0.08 -0.65 0.74 0.01 -0.13 -0.05 24 X Y 201204100808A  
83.57 30.67 20 -0.99 -1.37 2.36 0.82 -0.90 -0.47 23 X Y 201205272050A  
69.20 36.07 23 0.25 0.60 -0.85 -0.63 -0.00 -0.37 24 X Y 201206110502B  
69.24 36.07 24 1.08 3.84 -4.91 -1.87 0.16 -1.89 24 X Y 201206110529A  
69.35 35.83 107 -0.22 1.86 -1.64 -0.81 -1.31 1.03 23 X Y 201210152343A  
67.57 30.31 12 -0.19 -1.02 1.21 0.49 0.22 0.21 24 X Y 201211191754A  
66.45 28.32 16 1.14 -2.13 0.99 -0.30 -0.75 -1.57 23 X Y 201212251736A  
68.71 36.50 26 1.79 -2.47 0.68 2.26 -5.32 -5.05 23 X Y 201301221509A  
79.76 42.57 24 0.32 -2.26 1.95 -0.30 -0.20 1.04 25 X Y 201301281638A  
71.36 36.48 103 2.37 -0.83 -1.53 -0.54 -1.79 -4.97 23 X Y 201302170135A  
71.50 38.64 23 0.55 -5.18 4.64 -0.02 -0.24 -0.04 23 X Y 201303030312A  
73.47 39.26 28 -0.25 -1.51 1.76 0.73 -0.75 -3.68 23 X Y 201306300459A  
71.62 37.28 24 0.16 -2.07 1.91 -0.86 0.21 -0.39 23 X Y 201308240235A  
71.70 37.26 24 0.28 -2.34 2.06 -0.18 -0.39 -0.71 23 X Y 201308241656A  
71.07 36.83 105 2.24 -4.17 1.93 -3.44 1.73 -3.56 23 X Y 201310050027A  
66.51 28.21 15 -0.00 -1.21 1.21 -0.46 -0.74 -0.62 24 X Y 201310181318A  
76.95 35.44 16 -0.83 0.31 0.51 1.10 -0.59 2.40 24 X Y 201310210227A  
68.87 38.51 16 1.14 1.70 -2.84 -0.90 -0.18 -1.92 23 X Y 201311100515A  
71.17 36.92 28 -0.08 -3.10 3.19 -0.29 -0.77 1.72 23 X Y 201311290625A  
73.14 36.72 27 0.27 -1.46 1.19 -0.20 0.68 -1.01 23 X Y 201312051811A  
82.52 36.16 22 -0.07 -1.15 1.22 0.16 -0.28 -0.11 24 X Y 201402110214A  
82.57 36.22 18 -0.28 -2.23 2.51 0.27 -0.05 1.60 26 X Y 201402120919A  
82.33 36.09 35 -0.62 -1.85 2.47 0.61 -0.14 0.58 23 X Y 201402130008A  
78.23 39.40 21 -0.31 0.00 0.31 1.29 -0.09 4.42 23 X Y 201407082152A  
67.67 36.50 26 0.70 -3.61 2.91 0.50 -1.58 -1.21 23 X Y 201407131623A  
71.30 39.17 12 0.90 -1.17 0.27 0.71 -1.50 -2.25 23 X Y 201408290104A  
72.08 37.77 28 0.37 -4.13 3.76 -1.40 -0.21 -0.54 23 X Y 201409130157A  
72.97 38.18 143 -0.46 1.73 -1.27 -1.17 -1.02 -1.98 23 X Y 201411180037A  
83.58 32.96 27 -0.04 -1.50 1.53 0.11 -0.15 -0.57 24 X Y 201502041044A  
83.52 32.88 25 0.08 -0.75 0.67 0.19 -0.05 -0.03 24 X Y 201504070442A  
73.30 38.47 132 -0.16 -0.96 1.12 -0.83 -0.64 -1.45 23 X Y 201506241710A  
72.61 39.18 26 -0.38 -2.04 2.42 -0.97 0.19 0.05 23 X Y 201507131825A  
73.21 33.92 22 -0.02 4.10 -4.07 0.80 -0.05 -2.00 23 X Y 201507242059A  
72.91 38.39 12 -0.11 -0.63 0.74 0.13 -0.01 -0.31 27 X Y 201512070750A  
70.82 36.51 221 -0.17 -2.90 3.07 -0.29 5.26 6.52 23 X Y 201601080907A  
73.21 38.78 23 -0.43 -2.01 2.45 -1.03 -0.82 0.17 23 X Y 201601132137A  
69.90 29.57 12 -0.04 -0.17 0.21 -0.09 -0.87 -1.97 23 X Y 201603020635A  
83.90 36.59 25 -0.46 -1.23 1.69 -0.02 0.27 0.71 23 X Y 201603111444A  
72.62 38.04 24 -0.12 -1.65 1.77 0.11 -0.26 -0.53 24 X Y 201603181611A  
66.57 30.69 22 0.33 -2.44 2.11 -0.30 -1.14 -2.35 24 X Y 201605130659A  
73.32 39.49 22 0.61 -0.18 -0.43 0.55 -0.45 -1.92 24 X Y 201606282138A  
66.58 30.78 15 0.10 -2.88 2.78 -0.46 -1.76 -4.59 23 X Y 201607102133A  
69.93 30.83 24 -0.49 0.59 -0.10 1.01 -2.06 -2.81 23 X Y 201610200453A  
74.14 39.27 19 -0.05 -0.68 0.73 -0.12 -0.20 -0.86 26 X Y 201611251424A  
74.26 39.26 20 -0.34 -1.80 2.14 0.03 -0.34 -3.67 23 X Y 201611260923A  
83.87 30.43 19 0.58 -1.49 0.92 0.28 -0.42 -1.43 23 X Y 201701041412A  
72.55 38.13 120 1.10 -0.94 -0.16 -1.29 0.44 -1.98 23 X Y 201702150750A  
73.47 39.28 17 -0.62 -1.59 2.21 -1.33 0.13 -3.34 23 X Y 201703141107A  
72.01 37.66 30 -0.61 -4.23 4.84 -0.56 -1.43 2.53 23 X Y 201703221127A  
67.37 28.90 25 0.48 -3.48 3.00 1.56 -0.56 -1.64 23 X Y 201703240123A  
71.42 39.50 24 0.38 0.57 -0.94 -0.72 0.15 -0.68 25 X Y 201705030447A  
73.54 39.43 15 0.75 -1.05 0.30 0.01 -0.11 -1.26 23 X Y 201705220923A  
70.73 38.73 29 -0.46 -1.57 2.03 0.40 -0.44 1.11 23 X Y 201706260411A  
66.06 29.77 28 -0.40 -0.95 1.35 -0.45 0.07 -2.75 23 X Y 201711071858A  
72.33 38.98 21 0.42 -1.68 1.25 -0.16 0.40 -1.21 23 X Y 201712271356A  
72.38 38.47 132 0.70 -3.03 2.33 -1.14 -1.93 -1.87 23 X Y 201802062154A  
74.50 39.76 30 1.13 -2.78 1.65 1.06 0.56 -4.33 23 X Y 201804030814A  
70.93 36.34 112 0.52 -1.16 0.64 0.14 0.53 -0.31 24 X Y 201804281514A  
73.51 39.44 20 0.72 -1.49 0.77 -0.38 1.00 -0.99 23 X Y 201805060317A  
73.41 38.43 145 -1.20 -1.89 3.09 -3.67 -1.95 -5.31 23 X Y 201807121946A  
80.97 35.15 22 -0.65 -2.42 3.08 1.53 -0.06 3.01 23 X Y 201807210040A  
81.04 35.10 26 -0.11 -0.91 1.03 0.11 0.22 1.06 24 X Y 201808040404A  
77.08 39.52 20 -0.03 -2.45 2.48 -0.04 0.09 0.19 24 X Y 201809032151A  
71.06 36.43 229 1.60 0.35 -1.95 -1.78 1.04 -2.67 23 X Y 201809132131A  
69.50 35.73 89 0.15 1.92 -2.07 1.60 -0.22 0.95 23 X Y 201811132000A  
81.46 44.75 34 0.76 -2.10 1.34 0.34 0.87 1.15 23 X Y 201811251223A  
74.76 39.11 19 0.02 -1.99 1.97 0.71 0.90 -5.14 23 X Y 201812201108A  
70.16 30.87 20 0.17 0.44 -0.61 -0.16 0.29 -1.49 23 X Y 201903251125A  
73.78 39.10 78 -0.13 -0.17 0.31 0.51 0.72 -1.65 23 X Y 201904290023A  
70.45 36.55 209 1.00 1.24 -2.24 1.59 0.37 -0.13 25 X Y 201912201139A  
83.69 41.30 16 -0.10 -0.70 0.80 -0.26 0.35 1.32 24 X Y 202001160832A  
77.23 39.80 21 0.04 0.30 -0.34 0.02 0.08 -0.92 24 X Y 202001171605A  
81.19 41.86 17 0.17 -0.91 0.73 -0.29 0.05 0.72 23 X Y 202002282136A  
81.19 41.88 18 0.22 -1.49 1.27 -0.63 -0.13 1.24 23 X Y 202003221921A  
73.94 39.69 16 1.61 -3.45 1.84 0.51 -1.44 -2.86 23 X Y 202005061051A  
70.86 39.04 13 0.96 0.02 -0.98 -0.07 -0.59 -1.52 24 X Y 202007040953A  
83.78 41.41 18 0.02 -0.62 0.60 -0.47 0.57 1.10 23 X Y 202009121719A  
73.66 38.04 29 -0.13 -0.76 0.89 -0.11 0.05 -0.38 24 X Y 202009181747A  
78.04 34.28 12 -0.30 -0.02 0.32 0.54 -0.14 0.71 24 X Y 202009251057A  
78.03 34.35 18 -1.74 0.58 1.16 2.99 0.05 4.27 23 X Y 202009271727A  
67.38 30.24 19 0.59 -2.93 2.34 -0.45 0.51 -0.49 24 X Y 202011140256A  
81.17 41.80 12 0.53 -0.91 0.38 -0.20 -0.14 0.72 24 X Y 202103232114A  
66.22 30.11 20 -0.26 -2.24 2.51 -0.69 -0.08 -3.43 23 X Y 202105270854A  
69.11 35.09 20 1.19 -5.47 4.28 1.27 -2.47 -1.84 23 X Y 202106242304A  
70.21 37.43 38 0.46 -0.96 0.50 1.18 -0.22 -1.72 23 X Y 202109020450A  
73.14 38.20 27 -0.86 -0.82 1.68 -0.64 -0.00 0.63 23 X Y 202109071334A  
73.07 38.17 27 -0.14 -2.38 2.53 -0.51 0.67 -0.45 24 X Y 202109080520A  
73.17 38.57 130 -0.19 -0.73 0.92 -1.21 -0.38 -1.76 23 X Y 202109172206A  
66.63 36.84 33 -0.00 -1.02 1.02 0.31 -0.23 -0.18 24 X Y 202110050759A  
68.89 32.13 21 0.17 -1.90 1.74 0.36 0.16 -0.13 23 X Y 202111132142A  
74.91 35.58 30 -0.32 -0.73 1.06 -0.42 -0.47 -0.27 24 X Y 202112271331A  
73.59 38.74 120 1.24 -2.50 1.25 -0.15 0.99 -0.20 23 X Y 202201081956A  
70.50 36.44 59 -0.31 0.14 0.18 0.96 0.71 -2.30 23 X Y 202201120526A  
69.12 36.06 28 0.16 5.83 -5.99 0.56 -0.32 -0.31 23 X Y 202201240120A  
74.94 35.64 31 -0.07 -0.56 0.63 -0.34 -0.38 -0.26 24 X Y 202203161335A  
77.94 35.97 22 2.85 -3.22 0.37 1.58 -0.15 4.38 23 X Y 202203171341A  
64.47 28.02 50 0.23 0.93 -1.17 -0.29 1.20 2.51 23 X Y 202205060048A  
77.71 36.13 30 -0.83 -2.05 2.88 1.52 -0.01 3.63 23 X Y 202206080652A  
69.56 32.94 16 0.25 -1.37 1.12 0.50 -0.34 -1.55 25 X Y 202206212054A  
69.64 32.99 20 0.14 -4.33 4.18 2.18 -0.83 -6.39 23 X Y 202207181222A  
70.45 36.45 220 1.61 -0.62 -0.98 -1.91 -0.19 2.95 23 X Y 202207262037A  
77.72 35.98 25 0.44 -1.66 1.22 1.23 -0.32 2.68 23 X Y 202209152249A  
66.71 36.83 25 -0.00 -2.06 2.06 -0.01 -0.39 0.65 23 X Y 202210110810A  
71.43 35.63 108 2.74 0.71 -3.45 1.96 -0.97 -3.59 23 X Y 202301191130A  
82.41 39.96 31 1.50 -4.17 2.66 0.36 -2.82 4.47 24 X Y 202301292349A  
73.22 38.16 14 -0.66 -1.52 2.18 -0.05 -0.09 -1.09 26 X Y 202302230037A  
79.93 41.80 31 0.50 -1.94 1.43 0.10 -1.17 1.82 23 X Y 202302262358A  
73.18 38.03 21 0.09 -2.19 2.10 0.22 0.20 -1.64 23 X Y 202302280420A  
81.31 35.12 25 -0.41 -3.85 4.26 1.43 -0.43 2.59 23 X Y 202303150232A  
69.65 36.53 175 1.58 -3.29 1.71 0.21 2.04 0.33 23 X Y 202303180000A  
69.80 39.34 15 0.01 0.73 -0.75 1.77 -5.95 -6.90 24 X Y 202303222007A  
79.81 35.75 30 -0.49 -1.21 1.70 0.31 -0.29 0.22 23 X Y 202306171614A  
73.05 38.11 27 -1.03 -1.47 2.50 -0.38 1.29 -1.99 23 X Y 202308311845A  
74.04 37.81 21 0.01 -1.42 1.41 -0.38 0.44 -0.37 23 X Y 202311041955A  
72.27 38.51 26 -0.04 -0.86 0.89 0.01 0.00 -0.26 24 X Y 202311131216A  
70.32 36.45 137 0.58 -1.82 1.24 -0.06 1.46 -2.27 23 X Y 202312120205A  
69.95 37.16 21 -0.03 -1.56 1.59 0.04 -0.24 -1.20 23 X Y 202401051547A  
78.60 41.27 23 0.65 -1.64 0.99 -0.42 -0.69 -0.92 23 X Y 202401250124A  
66.80 36.55 12 1.22 -1.72 0.51 -0.53 -1.31 -2.31 23 X Y 202402181120A  
70.96 36.14 103 1.75 -2.22 0.47 -0.42 2.25 -3.45 23 X Y 202403281055A  