70.27 36.06 121 -0.55 -0.76 1.31 2.82 0.76 0.77 23 X Y 201606150902A  
72.55 39.05 18 -1.61 -0.43 2.04 0.96 -0.80 0.20 23 X Y 201608141505A  
82.56 29.85 22 -1.76 -0.06 1.83 0.17 -0.17 0.30 23 X Y 201609100046A  
83.35 30.48 14 -5.60 -1.35 6.95 2.29 -1.77 1.00 23 X Y 201702011007A  
71.55 36.53 423 0.19 0.24 -0.43 0.87 -0.38 0.43 24 X Y 201705060952A  
75.40 37.73 12 -1.49 -0.17 1.65 1.06 -0.55 -0.79 24 X Y 201705102158A  
74.60 35.24 12 -0.80 0.76 0.04 0.05 -1.08 0.65 23 X Y 201708232058A  
82.74 32.24 18 -1.14 -0.94 2.09 3.43 -0.97 1.15 23 X Y 201709010238A  
70.56 36.21 114 -0.41 0.35 0.06 0.85 0.00 -0.12 24 X Y 201710281745A  
72.43 38.14 119 1.07 -1.03 -0.05 -3.56 -0.34 -3.55 23 X Y 201801090005B  
82.11 35.92 25 -2.48 -0.16 2.64 1.10 -0.13 0.40 23 X Y 201802151017A  
78.25 35.96 17 -2.04 -0.22 2.26 2.92 -0.82 1.58 23 X Y 201806061815A  
70.32 29.97 17 0.86 -2.07 1.21 5.34 -3.10 -4.53 23 X Y 201806171421A  
80.74 34.29 23 -0.55 -0.42 0.96 0.49 -0.23 -0.18 24 X Y 201809272113A  
78.00 34.30 18 -4.28 1.52 2.76 1.38 0.11 2.43 23 X Y 201810291443A  
74.20 35.11 19 0.45 0.23 -0.68 -0.37 0.53 -0.60 24 X Y 201902051647A  
71.57 37.03 126 0.29 -0.78 0.49 0.40 -0.63 0.14 24 X Y 201908100643A  
71.30 36.32 83 -0.39 -0.69 1.08 0.90 2.31 -1.34 23 X Y 201911140923A  
74.65 35.57 12 -1.83 -0.74 2.57 0.81 -0.27 1.65 24 X Y 201912301719A  
74.52 35.49 12 -4.86 1.34 3.52 -1.30 1.95 3.42 23 X Y 201912301750A  
82.32 35.75 17 -2.02 -0.46 2.48 2.20 0.18 1.25 23 X Y 202006252029A  
82.35 35.71 13 -2.66 -0.54 3.20 0.82 0.32 1.05 25 X Y 202006252105A  
82.27 35.72 20 -1.59 -0.03 1.62 0.55 0.36 1.08 23 X Y 202006260130A  
82.39 35.78 23 -2.08 -0.31 2.39 0.60 0.05 0.35 23 X Y 202008260048A  
79.12 34.14 21 -3.45 -0.84 4.29 0.93 -1.20 2.50 23 X Y 202010052343A  
71.09 36.64 237 -2.26 0.95 1.31 -1.27 -0.94 -2.44 23 X Y 202010161010A  
71.52 37.12 131 0.13 -1.98 1.85 0.57 -5.03 0.48 23 X Y 202101241901A  
77.95 34.28 12 -0.96 0.17 0.79 -0.18 0.44 0.63 23 X Y 202106280040A  
73.16 38.27 18 -4.58 -1.05 5.63 1.98 -0.19 -1.60 23 X Y 202109270540A  
73.59 38.74 120 1.24 -2.50 1.25 -0.15 0.99 -0.20 23 X Y 202201081956A  
69.72 35.57 98 -2.06 2.29 -0.22 6.75 1.13 1.54 23 X Y 202203020958A  
70.90 36.15 99 -0.39 -0.97 1.36 1.40 1.56 -0.94 23 X Y 202206171225A  
78.39 37.73 18 -0.61 -0.44 1.05 -4.86 2.24 -0.10 23 X Y 202207012013A  
81.86 33.69 23 -2.43 0.22 2.21 1.07 0.02 -0.63 23 X Y 202208310913A  
71.43 35.63 108 2.74 0.71 -3.45 1.96 -0.97 -3.59 23 X Y 202301191130A  
79.74 35.98 16 -2.46 -0.88 3.34 4.76 -2.40 2.72 23 X Y 202301251602A  
79.75 35.95 16 -2.84 -1.13 3.97 4.16 -3.27 1.87 23 X Y 202301301707A  
71.03 36.50 119 0.81 -2.06 1.25 -0.40 2.60 1.30 23 X Y 202305220543A  
70.70 36.28 92 0.25 -2.21 1.97 1.33 2.44 -1.56 23 X Y 202308061323A  
78.52 32.66 21 -1.70 -0.07 1.77 0.56 -0.88 -0.77 23 X Y 202308091744A  
71.85 38.74 14 -0.95 0.13 0.82 0.14 -0.38 -0.66 24 X Y 202310021403A  
83.70 36.76 12 -1.79 -0.12 1.91 1.72 -0.55 0.96 23 X Y 202310251552A  
83.69 36.65 13 -0.87 0.00 0.87 0.21 -0.22 0.42 23 X Y 202310251835A  
71.78 38.81 13 -2.54 -0.08 2.63 0.69 -0.59 -1.23 23 X Y 202311231001A  
71.44 36.67 133 -0.10 -0.34 0.44 1.77 -0.01 -0.46 23 X Y 202401030924A  
71.46 37.15 126 0.78 0.59 -1.37 -0.41 -1.49 1.50 23 X Y 202401060112A  
78.89 41.35 29 0.24 -0.54 0.30 -0.13 0.95 0.67 24 X Y 202401252001A  
74.72 35.52 15 -2.54 0.24 2.30 0.54 -1.97 0.97 23 X Y 202402191605A  