66.85 39.05 23 1.77 -0.46 -1.32 0.40 -1.19 -2.39 23 X Y 201604051212A  
70.87 36.12 101 0.55 -0.86 0.32 1.29 -0.18 -0.70 23 X Y 201604080219A  
71.16 36.85 82 1.25 -2.05 0.80 0.02 -1.08 0.58 23 X Y 201604081430A  
71.04 36.44 211 1.04 -1.11 0.08 0.30 0.20 -0.03 26 X Y 201604101028A  
69.94 36.55 222 2.64 -1.82 -0.82 0.31 0.08 -0.50 23 X Y 201604200328A  
71.57 37.04 129 1.82 -2.89 1.07 -0.83 -1.28 0.01 23 X Y 201604242143A  
70.56 36.40 214 0.91 -0.91 0.01 0.91 0.23 0.00 24 X Y 201606231135A  
69.96 36.60 205 1.52 -1.29 -0.24 3.50 0.12 -1.45 23 X Y 201606260914A  
73.43 39.47 17 3.43 -4.68 1.25 -3.06 -1.21 -3.21 25 X Y 201606261117A  
73.29 39.50 20 1.78 -1.97 0.19 -0.02 -0.16 -0.62 23 X Y 201606270625A  
73.42 39.50 18 2.65 -2.83 0.17 0.86 -0.18 -0.19 23 X Y 201606271928B  
73.46 39.49 20 1.80 -2.19 0.38 -0.41 1.07 -0.21 23 X Y 201606290808A  
70.37 39.04 12 1.92 -0.98 -0.94 0.32 -1.56 -2.50 23 X Y 201607011458A  
77.89 39.96 12 1.70 -1.59 -0.11 1.20 -0.76 -0.34 23 X Y 201607091637A  
79.26 41.58 14 1.67 -1.25 -0.42 0.39 0.34 -1.03 23 X Y 201607191232A  
78.40 40.70 21 2.67 -3.28 0.61 2.20 1.08 0.62 23 X Y 201608121800A  
73.54 34.82 17 4.29 -1.06 -3.24 1.11 1.47 -4.42 23 X Y 201610010804A  
71.07 36.43 107 2.70 -4.18 1.49 1.23 1.65 -0.84 23 X Y 201610200040A  
70.70 36.49 204 1.04 -0.86 -0.18 0.75 0.86 -0.43 24 X Y 201611151602A  
80.38 29.57 34 1.22 -1.25 0.02 1.31 -0.49 1.10 23 X Y 201612011652A  
71.11 36.43 100 1.46 -1.69 0.24 -0.33 -0.04 -0.71 23 X Y 201612080007A  
68.27 36.91 12 3.32 -0.49 -2.83 0.59 0.22 0.92 23 X Y 201701090559A  
76.93 38.33 19 2.18 0.33 -2.51 -0.50 3.49 2.15 23 X Y 201701200954A  
78.85 30.41 21 0.78 -0.75 -0.03 0.82 -0.14 0.27 24 X Y 201702061703A  
71.94 37.62 142 0.21 0.12 -0.33 -1.40 -0.48 -0.47 24 X Y 201702281342A  
71.18 36.63 192 1.95 -1.23 -0.73 0.78 1.77 -1.39 23 X Y 201704040448A  
70.72 36.52 194 4.73 -2.48 -2.25 -2.73 -0.05 -1.63 23 X Y 201704172304A  
71.34 39.56 22 1.93 -0.42 -1.51 -0.58 0.24 -1.90 23 X Y 201705032003A  
71.41 39.51 18 6.41 -1.44 -4.96 -1.63 0.19 -3.93 24 X Y 201705050509A  
71.22 36.71 196 1.41 -0.12 -1.30 -0.77 1.88 -0.88 23 X Y 201706220410A  
70.54 36.40 212 0.95 -0.85 -0.10 0.80 0.14 0.15 24 X Y 201706252330A  
70.81 36.52 194 3.31 -2.31 -1.00 -0.16 1.52 1.56 23 X Y 201706280350A  
70.69 36.31 103 2.54 -4.94 2.40 1.13 2.59 -1.34 23 X Y 201707191359A  
70.81 36.60 189 2.08 -1.57 -0.51 0.51 0.81 -0.75 23 X Y 201708041851A  
82.74 44.40 28 3.56 -4.06 0.51 -0.37 -1.25 -0.64 25 X Y 201708082327A  
71.19 36.24 113 3.23 -3.15 -0.09 1.62 1.07 -1.13 23 X Y 201708250727A  
83.45 42.14 20 2.14 -2.11 -0.03 1.45 -0.27 -0.03 24 X Y 201709161011A  
67.96 39.77 12 4.63 -2.80 -1.83 -1.69 -2.05 -2.41 23 X Y 201709291349A  
77.45 35.74 118 6.32 -2.93 -3.39 4.94 -1.12 2.91 23 X Y 201712062329A  
70.84 36.62 186 2.98 -2.53 -0.45 -1.89 -0.46 0.30 23 X Y 201712260808A  
70.72 36.51 205 2.24 -1.75 -0.49 1.08 1.45 -0.99 25 X Y 201801310707A  
70.61 36.46 211 4.07 -3.51 -0.56 2.54 -3.37 0.74 23 X Y 201803242217A  
71.17 36.41 243 3.60 -2.52 -1.08 -2.60 0.20 1.07 23 X Y 201803301845A  
77.22 40.41 22 1.77 -1.92 0.15 1.24 -0.62 -0.66 23 X Y 201804121041A  
70.59 36.72 261 2.47 -1.91 -0.56 0.28 3.98 -0.72 23 X Y 201804241552A  
71.19 37.33 116 2.36 -4.31 1.95 0.60 1.68 0.08 23 X Y 201805060001A  
68.67 32.92 25 1.25 -1.75 0.50 0.33 1.05 0.08 23 X Y 201805081817A  
70.58 33.02 20 0.59 -0.33 -0.26 1.37 0.69 -0.09 24 X Y 201805090323A  
71.25 37.05 126 2.71 -3.73 1.02 -1.25 -1.82 -0.88 25 X Y 201805091041A  
70.91 36.51 210 3.98 -2.59 -1.39 -2.33 -0.99 -1.20 23 X Y 201805101408A  
69.41 36.15 121 1.41 -1.70 0.29 0.34 0.17 -0.12 23 X Y 201807210518A  
70.52 38.55 12 1.42 -1.12 -0.29 0.31 0.10 -0.83 23 X Y 201809171900A  
70.46 36.50 203 2.60 -2.46 -0.14 -1.56 -0.93 0.69 23 X Y 201810071352A  
73.75 38.34 148 3.41 -4.07 0.66 -8.08 -0.05 -2.22 23 X Y 201810191325A  
77.66 40.24 12 1.06 -0.67 -0.39 2.44 0.67 -0.39 23 X Y 201811032136A  
68.54 35.93 19 2.77 -0.97 -1.80 0.39 0.31 -1.58 23 X Y 201811281444A  
70.39 35.96 157 1.09 -1.56 0.47 1.17 -1.40 0.33 23 X Y 201812140436A  
71.18 36.58 223 1.16 -0.77 -0.39 0.02 1.76 -1.58 23 X Y 201812170108A  
77.51 39.87 12 2.40 -2.61 0.22 -0.28 -0.39 -1.52 23 X Y 201901061622A  
75.51 39.55 22 0.84 -0.76 -0.08 0.63 0.10 -0.37 24 X Y 201901120432A  
70.60 36.36 215 2.96 -2.73 -0.23 2.83 0.71 0.08 24 X Y 201902021204A  
67.68 29.62 23 2.22 -0.38 -1.85 0.90 1.62 -0.78 23 X Y 201903160600A  
71.66 39.30 22 1.26 -0.54 -0.72 -0.50 0.23 -0.85 23 X Y 201907010114A  
71.02 36.44 119 1.59 -2.04 0.44 -0.34 0.71 -1.49 23 X Y 201907270656A  
71.17 36.68 225 4.79 -1.18 -3.61 -0.35 4.97 0.40 23 X Y 201908041904A  
70.03 36.50 229 3.11 -3.09 -0.01 7.39 -0.28 0.65 24 X Y 201908080045A  
70.64 36.42 213 5.06 -4.68 -0.38 4.24 -1.61 0.97 23 X Y 201908160209A  
69.37 36.40 22 0.86 0.52 -1.38 -0.09 -0.24 -0.41 23 X Y 201908212010A  
70.57 36.43 200 1.90 -1.33 -0.57 0.75 -1.48 1.20 23 X Y 201909031234A  
75.87 32.92 30 2.83 -2.15 -0.68 0.94 -0.45 1.14 23 X Y 201909090640A  
70.46 36.56 259 2.74 -4.02 1.27 0.34 2.17 -0.24 23 X Y 201909120922A  
73.85 32.83 15 1.10 -1.37 0.26 3.84 -1.06 -0.08 24 X Y 201909241101A  
70.64 36.46 196 2.83 -2.60 -0.23 3.22 -1.25 0.23 23 X Y 201910091044A  
70.54 36.49 203 4.07 -3.52 -0.55 3.21 -1.94 0.75 23 X Y 201910140111A  
78.75 41.22 12 2.58 -2.57 -0.01 -0.19 -0.83 -0.70 23 X Y 201910270529A  
70.05 36.54 211 1.43 -1.86 0.43 5.54 -1.39 -1.26 23 X Y 201911052052B  
81.16 29.22 15 2.23 -2.22 -0.01 1.30 0.06 0.50 23 X Y 201911191330A  
70.87 36.50 156 2.07 -2.51 0.44 -1.10 -0.66 0.77 23 X Y 201912040846A  
81.65 41.68 23 2.79 -2.28 -0.50 1.12 0.55 -0.57 23 X Y 201912050246A  
77.19 39.80 12 0.68 -0.51 -0.17 0.90 0.04 -0.88 25 X Y 202001191327A  
77.38 39.67 18 3.83 -3.42 -0.42 3.81 0.51 -0.19 23 X Y 202001191423A  
71.56 39.22 12 2.13 -0.53 -1.61 -0.61 -0.66 -1.14 24 X Y 202001240709A  
70.43 38.81 22 2.83 -0.02 -2.81 -0.74 -2.65 -1.41 23 X Y 202001290910A  
71.13 36.45 134 0.88 -1.37 0.48 1.25 0.62 -0.26 23 X Y 202002042032A  
79.75 41.77 28 4.08 -3.60 -0.48 -2.00 3.35 0.05 23 X Y 202002150331A  
77.42 39.84 14 1.16 -1.87 0.71 0.49 0.66 -0.88 23 X Y 202002211539A  
70.99 36.66 222 3.31 -0.99 -2.32 -0.43 2.06 1.38 23 X Y 202003301542A  
68.63 37.50 12 0.89 -0.01 -0.88 -0.05 -0.25 -0.11 23 X Y 202004242232A  
70.45 36.52 203 2.40 -1.66 -0.75 -2.41 -0.28 1.48 23 X Y 202004281115A  
78.68 40.79 30 0.81 -1.36 0.55 0.52 0.61 0.15 24 X Y 202005091535A  
72.11 37.77 140 1.03 -0.50 -0.54 -3.74 -2.15 -1.00 24 X Y 202006160130A  
70.90 36.56 226 1.87 -1.45 -0.42 1.76 1.69 -0.30 23 X Y 202006160921A  
70.83 36.31 111 1.27 -2.11 0.84 0.20 1.02 -1.02 23 X Y 202007140734A  
77.17 39.68 22 1.52 -1.45 -0.07 1.02 -0.15 -0.14 23 X Y 202008012347A  
69.63 38.64 20 0.94 -0.38 -0.55 -0.52 -0.60 -0.33 23 X Y 202008131807A  
71.22 36.42 137 1.07 -0.33 -0.73 -0.75 -0.14 -1.10 23 X Y 202008260800A  
71.53 37.65 26 1.58 -2.20 0.62 -0.02 -1.33 -0.45 23 X Y 202010290932A  
71.56 40.27 24 1.29 -0.71 -0.58 -0.69 -0.44 -1.67 23 X Y 202011060738A  
70.44 38.82 24 0.16 -1.13 0.97 3.63 0.49 0.70 23 X Y 202011101437A  
71.48 40.27 28 2.73 -1.38 -1.35 -1.30 -1.38 -1.25 23 X Y 202012261028A  
70.64 36.45 210 1.89 -1.44 -0.45 1.55 -1.57 0.65 24 X Y 202101162002A  
73.39 38.12 112 0.73 -0.51 -0.22 -0.05 -0.04 -0.57 25 X Y 202102121701A  
70.00 36.57 208 0.62 -0.85 0.22 3.10 -0.52 -0.43 23 X Y 202105280724A  
81.03 41.63 19 2.50 -2.36 -0.14 1.82 0.20 -0.25 23 X Y 202107081305A  
70.47 39.00 12 5.09 -2.37 -2.72 -1.86 -3.36 -4.60 24 X Y 202107100214A  
69.84 29.07 12 5.32 -1.83 -3.49 -0.05 -3.55 -2.91 23 X Y 202107202354A  
69.79 36.28 148 3.29 -2.87 -0.41 -1.47 -1.38 1.78 23 X Y 202108041032A  
70.10 37.51 12 3.00 -0.39 -2.61 -4.72 -0.57 -4.23 23 X Y 202108151041A  
77.83 37.90 20 2.53 -2.26 -0.28 -1.62 -0.03 0.64 23 X Y 202109040154A  
77.92 37.85 22 1.83 -1.52 -0.31 -0.63 0.26 0.59 23 X Y 202109041752A  
69.39 29.97 12 3.16 -2.67 -0.48 1.95 0.64 -1.62 23 X Y 202109171912A  
67.98 29.94 13 0.47 -0.66 0.20 0.90 0.21 0.03 25 X Y 202110062201A  
69.76 37.42 23 1.70 0.16 -1.87 0.32 -0.12 -0.38 23 X Y 202112142217B  
71.06 36.58 240 0.81 -0.01 -0.80 -0.05 0.45 0.25 24 X Y 202201011315A  
73.59 38.74 120 1.24 -2.50 1.25 -0.15 0.99 -0.20 23 X Y 202201081956A  
71.41 36.44 110 3.88 -0.83 -3.05 -2.65 1.15 -3.96 23 X Y 202201141613A  
63.50 34.96 17 0.55 0.44 -0.99 -1.07 -0.18 -0.07 24 X Y 202201171140A  
71.00 36.39 221 6.13 -6.02 -0.12 2.59 1.28 -0.33 24 X Y 202202050416A  
70.37 38.92 18 1.24 -2.35 1.11 -0.59 -0.98 -0.61 23 X Y 202204192244A  
71.43 37.42 116 1.79 1.60 -3.39 -3.20 -3.11 -1.43 23 X Y 202205050005A  
66.86 38.10 26 0.95 -0.49 -0.47 -0.59 0.07 -0.67 24 X Y 202205121027A  
70.20 36.03 112 3.64 -4.59 0.95 1.44 -0.58 0.09 23 X Y 202205240711A  
70.99 36.42 208 2.91 -2.83 -0.08 1.23 1.15 -0.27 23 X Y 202206140735A  
71.08 36.51 226 5.95 -1.94 -4.01 1.95 2.63 -1.52 23 X Y 202206170922A  
70.65 36.42 208 1.53 -1.38 -0.16 1.57 0.11 0.43 23 X Y 202206290430A  
78.04 40.93 12 3.50 -3.52 0.02 -0.57 -0.67 -1.31 23 X Y 202207022202A  
70.95 36.55 217 2.18 0.08 -2.27 0.86 1.01 0.44 23 X Y 202207181438A  
68.84 36.23 12 2.22 -0.28 -1.94 -1.31 -1.21 -1.49 23 X Y 202209021700A  
70.72 34.66 13 6.51 -4.73 -1.78 2.76 1.40 -3.75 23 X Y 202209042157A  
71.51 37.03 127 1.98 -2.86 0.88 -0.04 -1.47 0.29 23 X Y 202210102323A  
78.22 39.41 13 1.19 0.41 -1.61 0.25 0.32 0.12 23 X Y 202210160854A  
77.98 37.65 14 3.81 -4.39 0.58 0.55 -0.10 1.31 23 X Y 202210231506A  
70.97 36.91 85 3.86 -4.23 0.37 1.83 -0.05 0.33 23 X Y 202211070325A  
81.24 29.14 22 2.25 -2.02 -0.23 0.69 0.40 0.65 23 X Y 202211081522A  
81.13 29.22 12 3.23 -3.42 0.18 1.85 -0.64 1.18 24 X Y 202211082027A  
81.09 29.18 23 0.87 -0.80 -0.07 0.88 -0.12 0.21 24 X Y 202211121427A  
74.46 39.72 27 2.26 -2.37 0.12 -1.65 0.29 0.27 23 X Y 202211271958A  
79.60 41.77 23 1.05 -0.86 -0.18 0.76 0.81 -0.05 24 X Y 202212281716A  
70.60 36.46 210 0.88 -0.77 -0.12 1.02 -0.43 0.24 25 X Y 202301051425A  
71.43 35.63 108 2.74 0.71 -3.45 1.96 -0.97 -3.59 23 X Y 202301191130A  
81.60 29.37 29 1.54 -1.87 0.33 2.00 -0.30 0.35 24 X Y 202301240858A  
81.99 41.87 17 1.76 -1.94 0.18 0.42 -0.16 0.33 23 X Y 202302221025A  
70.78 36.44 192 0.56 -0.65 0.10 0.34 0.49 -0.17 26 X Y 202303211647A  
81.57 29.41 22 2.64 -1.79 -0.85 1.95 -0.25 1.20 23 X Y 202304271945A  
70.60 36.47 203 0.75 -0.61 -0.14 0.99 -0.25 0.16 24 X Y 202305030951A  
71.01 36.61 235 1.04 -0.01 -1.03 -0.10 0.75 0.06 24 X Y 202305280549A  
75.89 33.05 19 5.20 -4.83 -0.38 4.30 0.59 2.17 23 X Y 202306130803A  
71.67 37.29 134 3.22 -0.78 -2.44 1.21 -1.47 -2.76 23 X Y 202306290457A  
70.05 36.54 216 2.31 -2.26 -0.05 7.07 -1.76 -1.27 23 X Y 202307190726A  
70.67 36.41 219 5.15 -4.51 -0.64 4.70 -1.81 1.22 24 X Y 202308051601A  
70.64 36.46 213 0.93 -0.58 -0.35 0.73 -0.83 0.36 24 X Y 202308060032A  
77.49 39.87 21 1.02 -1.08 0.06 0.07 -0.71 -0.53 23 X Y 202308201528A  
70.28 36.48 193 1.58 -1.50 -0.08 1.03 -0.33 -0.22 23 X Y 202308280435A  
81.21 29.42 14 3.49 -3.77 0.28 2.44 0.05 0.88 24 X Y 202310030921A  
62.00 34.61 12 0.75 -0.71 -0.03 0.01 0.00 -0.10 25 X Y 202310070740A  
62.01 34.63 12 1.80 -1.94 0.13 0.34 -0.06 0.02 23 X Y 202310090654A  
62.03 34.59 12 2.90 -2.85 -0.06 -0.12 0.17 -0.14 25 X Y 202310110041A  
68.65 36.13 18 2.19 -0.04 -2.15 -0.38 -0.41 0.16 23 X Y 202310130003A  
62.09 34.62 12 3.56 -3.12 -0.44 -0.51 -0.30 -1.00 25 X Y 202310150336A  
62.35 34.57 12 1.22 -1.13 -0.10 0.00 0.81 0.03 24 X Y 202310150356A  
62.11 34.64 12 3.28 -3.34 0.06 0.05 0.39 0.25 23 X Y 202310281927A  
82.16 28.77 15 4.06 -3.19 -0.87 5.86 -2.30 2.42 24 X Y 202311031802A  
82.14 28.70 21 4.08 -3.22 -0.86 2.79 -1.01 2.00 23 X Y 202311061046A  
77.66 40.47 12 1.05 -1.35 0.31 0.55 -0.36 -0.76 24 X Y 202311071809A  
71.12 36.38 119 2.17 -1.08 -1.08 -2.23 -0.71 -1.46 23 X Y 202311150005A  
76.58 33.22 12 4.99 -1.47 -3.52 0.90 0.48 3.00 23 X Y 202312181018A  
76.59 33.21 21 2.24 -1.04 -1.20 0.25 0.17 0.94 23 X Y 202312181031A  
77.88 39.91 12 2.06 -2.78 0.72 7.45 4.75 0.54 23 X Y 202312190146A  
70.38 36.47 218 2.95 -2.88 -0.07 4.88 -0.93 0.65 25 X Y 202401110920A  
81.40 41.88 29 1.99 -2.03 0.04 1.53 0.87 -0.66 23 X Y 202401220433A  
78.56 41.19 16 3.35 -4.26 0.91 1.25 -2.43 -0.70 26 X Y 202401221809A  
78.54 41.21 23 2.05 -1.90 -0.15 -0.24 -0.30 0.01 24 X Y 202401222319A  
78.71 41.21 12 1.06 -1.12 0.07 0.37 -0.22 -0.22 24 X Y 202401230118A  
78.55 41.12 12 1.01 -1.07 0.06 -0.12 -0.29 -0.28 24 X Y 202401232038A  
78.51 41.09 12 3.63 -6.05 2.42 1.66 -1.45 -2.74 23 X Y 202401242221A  
78.63 41.12 12 4.03 -3.51 -0.51 0.34 -0.96 -3.05 24 X Y 202401292227A  
78.42 41.10 19 1.74 -1.79 0.05 0.62 -1.31 -0.55 23 X Y 202402031344A  
78.51 41.11 12 1.72 -1.62 -0.11 -0.22 -0.46 -0.41 23 X Y 202402031634A  
69.87 36.27 150 3.95 -3.48 -0.48 -0.06 0.09 1.25 23 X Y 202402101744A  
78.47 41.12 12 3.47 -3.69 0.22 0.17 -1.62 -1.09 23 X Y 202402232258A  
78.40 41.13 12 1.28 -1.46 0.18 0.43 -0.35 -0.39 24 X Y 202402250415A  
76.81 43.17 32 2.23 -2.47 0.23 -2.04 -1.34 -1.11 23 X Y 202403040622A  
78.71 41.11 30 1.84 -1.78 -0.06 1.41 0.51 -0.76 23 X Y 202403060009A  
82.31 41.89 15 2.15 -2.27 0.12 0.58 0.15 -0.08 23 X Y 202403140836A  
65.42 29.69 12 2.45 -1.16 -1.28 -0.81 0.25 1.43 24 X Y 202403190035A  
65.45 29.70 12 1.16 -0.28 -0.88 -0.38 0.24 0.67 24 X Y 202403192127A  
71.70 39.25 14 1.27 -0.69 -0.58 0.33 -0.75 -1.18 23 X Y 202403220347A 