71.67 39.27 34 -5.58 9.32 -3.74 -4.25 -2.95 -0.96 24 X Y 072876C            
78.13 31.28 10 -3.93 -0.67 4.59 1.33 1.56 0.29 23 X Y 021977B        
69.89 35.62 78 -3.15 4.15 -1.00 2.86 2.20 0.45 23 X Y 071877A        
81.78 35.68 10 -1.01 -0.31 1.31 1.00 -1.44 0.36 24 X Y 073178A        
72.19 35.11 264 -1.16 1.28 -0.12 -0.52 0.09 -0.18 24 X Y 062679A        
69.76 36.29 225 0.76 -4.52 3.76 6.19 -1.05 -1.30 23 X Y 092479A        
81.59 30.10 15 -3.64 -1.52 5.15 -1.36 2.47 0.33 23 X Y 062280A        
82.06 35.76 15 -4.86 0.30 4.56 3.11 -1.21 -0.47 24 X Y 100780A        
72.50 39.14 15 -0.02 0.04 -0.02 -0.24 -1.01 -0.94 24 X Y 030381A        
82.24 31.71 10 -3.12 0.26 2.86 -1.49 1.10 0.06 25 X Y 012382B        
73.11 37.34 10 -1.93 0.18 1.75 0.58 0.09 -0.43 24 X Y 092982A        
82.36 36.07 10 -0.38 -0.79 1.17 0.69 -0.60 -0.22 24 X Y 103182C        
69.41 34.04 15 -1.02 -1.34 2.36 2.00 -1.67 -1.11 24 X Y 011286C        
71.55 37.34 136 0.09 1.02 -1.11 -1.04 -2.05 0.51 24 X Y 091786C        
70.96 35.99 126 0.07 -0.69 0.61 1.72 -0.64 -0.90 24 X Y 101386A        
70.78 36.10 113 -1.01 1.41 -0.40 2.02 1.11 0.45 24 X Y 040287B        
83.77 29.30 34 -0.33 0.06 0.28 -0.72 1.93 1.76 24 X Y 080987C        
63.72 29.65 157 -1.05 -0.10 1.15 -0.38 0.53 -0.61 25 X Y 081087D        
68.10 30.41 15 -0.35 0.45 -0.10 3.82 2.35 -0.49 24 X Y 031988A        
73.60 38.23 128 -0.89 -0.18 1.08 -0.64 -1.25 -1.37 24 X Y 032688C        
72.83 36.91 15 -1.74 0.57 1.18 0.28 -0.48 -1.40 24 X Y 072088B        
72.85 37.04 18 -1.26 -0.42 1.67 0.84 -0.75 -0.59 25 X Y 030590B        
72.84 37.18 33 -0.85 -0.31 1.15 0.72 -0.64 -0.37 24 X Y 030690B        
73.08 37.20 17 -5.89 -0.92 6.80 0.63 0.03 -0.76 23 X Y 030690C        
68.93 37.45 15 -1.10 -1.30 2.40 9.00 -3.86 -7.17 23 X Y 070590A        
72.59 37.29 15 -4.12 -1.86 5.98 1.08 -0.67 -2.84 24 X Y 051092A        
81.12 35.18 33 -4.15 1.21 2.94 0.44 2.03 0.39 23 X Y 062792A        
67.18 33.15 33 -4.76 0.75 4.01 -2.06 -1.66 0.81 23 X Y 111792A        
72.38 38.70 44 -1.95 -0.97 2.92 0.65 -1.69 0.33 24 X Y 112392C        
71.86 37.35 131 -2.74 1.45 1.29 -3.62 -2.25 1.32 24 X Y 120492E        
70.81 36.51 279 -1.62 -0.53 2.14 2.36 -0.01 2.26 24 X Y 072393A        
71.46 37.30 106 -4.33 3.51 0.82 -1.70 -2.86 2.43 23 X Y 010294A        
71.31 37.27 130 -2.51 6.02 -3.50 -3.16 -6.43 -0.26 23 X Y 072494F        
65.19 28.05 39 -4.54 2.84 1.70 -3.44 -0.27 3.96 23 X Y 121094E        
67.84 30.80 15 -0.47 0.44 0.03 2.32 0.88 0.15 24 X Y 053195B        
73.26 38.40 33 -7.73 0.67 7.06 2.22 -3.85 -1.68 23 X Y 122395B        
77.42 38.97 33 1.40 -5.58 4.18 -4.24 2.80 -0.83 23 X Y 012997A        
67.79 30.79 15 -1.95 1.90 0.05 7.62 1.86 0.49 24 X Y 032097C        
77.03 39.52 15 -6.08 2.09 3.99 1.12 -5.95 6.73 24 X Y 040697A        
76.99 39.48 33 -8.35 2.18 6.17 1.03 -4.71 3.68 23 X Y 040697C        
76.93 39.61 15 -1.36 0.19 1.18 0.14 -1.15 1.12 25 X Y 041197C        
77.20 39.64 16 -9.41 4.86 4.56 2.11 -2.18 6.10 23 X Y 041297C        
77.42 41.23 33 1.37 -3.54 2.17 -0.28 -7.87 1.75 23 X Y 060798A        
77.13 39.67 15 -2.18 0.23 1.95 -0.20 -2.07 1.48 24 X Y 080298A        
77.30 39.47 32 -2.52 1.93 0.59 -1.26 -0.81 2.06 23 X Y 090398B        
73.21 36.75 69 -6.04 -3.26 9.30 3.47 -3.49 4.03 23 X Y 050999E        
70.56 36.78 77 -1.98 -0.42 2.40 2.80 1.29 2.62 23 X Y 060199D        
69.74 29.20 15 -0.26 0.36 -0.10 -1.67 -0.60 -0.85 24 X Y 072899C        
69.23 36.37 24 1.32 -1.23 -0.09 4.36 -2.46 -4.31 23 X Y 080399C        
70.53 36.04 106 -0.58 1.30 -0.72 2.24 1.57 0.47 25 X Y 051200D        
70.19 30.13 18 0.89 -0.73 -0.16 -3.94 -0.95 -3.34 23 X Y 051601B        
72.19 37.58 190 -1.29 -1.04 2.33 3.97 -2.97 -2.00 23 X Y 072401D        
72.03 39.40 15 -1.04 1.27 -0.23 1.34 0.79 -0.11 24 X Y 090201G        
75.91 33.32 29 -2.39 -0.70 3.09 6.35 -5.32 2.95 23 X Y 012702D        
69.59 36.22 15 1.12 0.83 -1.96 4.05 -2.85 -1.05 23 X Y 032502H        
81.25 30.13 15 -2.31 -0.48 2.79 -1.50 -0.14 0.24 24 X Y 060402B        
70.71 36.16 161 -3.39 -2.24 5.63 3.85 0.01 2.30 23 X Y 100102A        
74.64 35.56 33 -1.21 0.44 0.77 -0.06 -0.09 0.50 24 X Y 110102G        
74.70 35.10 17 -8.14 1.96 6.18 1.28 5.71 4.44 23 X Y 110302F        
74.66 35.52 15 -2.97 1.15 1.82 -2.06 -0.70 1.16 25 X Y 112002C        
69.79 35.55 112 -0.26 0.21 0.05 1.64 0.38 -0.28 24 X Y 122502D        
75.32 38.71 15 -2.09 -0.01 2.10 -0.26 -2.25 -3.13 24 X Y 090103F        
83.42 32.60 29 -2.27 -0.12 2.39 0.84 0.81 0.31 23 X Y 021004C        
78.58 36.60 22 -1.48 1.43 0.05 -0.81 -0.12 -0.31 23 X Y 021504E        
83.78 30.56 13 -2.14 -0.22 2.36 -0.39 -0.03 -0.61 25 X Y 071104B        
83.63 30.35 14 -3.24 -0.42 3.67 -1.05 0.02 -0.62 23 X Y 072804H        
74.44 34.91 20 -1.07 0.79 0.29 -0.98 -0.35 0.24 23 X Y 103104A        
74.34 35.16 12 -4.34 3.22 1.11 -0.78 -2.06 2.23 23 X Y 103104E        
71.70 39.30 75 -4.03 0.85 3.19 0.39 0.85 -1.74 23 X Y 112104H        
72.40 38.18 134 -2.31 1.34 0.98 -2.30 -0.86 -2.33 24 X Y 200502252304A  
83.77 30.24 12 -2.96 -0.64 3.59 0.03 -0.25 -0.75 25 X Y 200504072004A  
83.72 30.54 19 -1.49 0.17 1.31 0.96 -0.56 -0.11 24 X Y 200504072141A  
83.76 30.25 20 -3.84 -1.15 4.99 0.20 -0.07 -0.75 23 X Y 200504081951A  
67.69 30.39 12 -1.12 0.95 0.17 7.66 4.08 0.18 23 X Y 200505230413A  
69.60 38.59 12 -3.75 1.50 2.24 -0.90 -0.27 2.28 23 X Y 200509261641A  
69.63 38.88 15 -3.22 0.78 2.45 0.48 2.94 2.74 23 X Y 200509262149A  
80.31 30.06 31 -0.97 -0.71 1.68 -0.55 -0.06 0.38 23 X Y 200602012224A  
81.47 33.70 31 -1.62 -1.20 2.83 0.38 -0.22 0.15 23 X Y 200602150155A  
71.70 39.22 13 3.37 -5.24 1.87 -0.12 1.01 -3.65 24 X Y 200607060357A  
73.00 36.79 26 -3.54 -2.23 5.76 -1.26 -0.48 -1.44 23 X Y 200702110439A  
71.32 37.01 127 -0.70 3.50 -2.79 -2.96 -3.58 0.18 23 X Y 200708080037A  
81.37 35.43 12 -4.92 -0.36 5.29 1.25 0.82 1.09 26 X Y 200803202233A  
81.65 35.89 30 -0.82 -0.04 0.86 0.29 -0.24 0.04 24 X Y 200803210616A  
81.43 35.39 19 -0.61 -0.15 0.77 0.07 -0.16 0.14 24 X Y 200803211202A  
81.65 35.86 16 -3.77 -3.35 7.12 0.56 -1.25 -0.58 23 X Y 200803232056A  
81.28 35.23 17 -1.83 -1.32 3.15 0.21 -1.09 -0.25 23 X Y 200805060525A  
71.06 36.32 110 -0.10 2.87 -2.76 -3.07 -2.09 -0.10 23 X Y 200808120525A  
83.51 30.61 17 -1.02 -0.38 1.40 -0.56 0.20 0.11 26 X Y 200808251322A  
83.48 30.41 19 -4.95 -0.38 5.33 -1.27 -1.37 -0.69 23 X Y 200808251913A  
83.52 30.58 18 -2.05 -0.97 3.02 0.08 -0.53 -0.67 23 X Y 200808290943A  
70.71 36.17 123 0.48 -0.78 0.30 -0.12 0.52 -0.48 24 X Y 200810130807A  
81.31 35.32 25 -2.62 -0.61 3.23 0.61 -0.25 0.83 23 X Y 200812111316A  
81.39 35.57 22 -1.78 -0.30 2.08 1.25 -0.16 0.53 23 X Y 200902280843A  
82.47 33.73 21 -3.32 -0.53 3.85 1.26 0.24 0.14 23 X Y 200904010234A  
81.58 35.76 18 -0.82 -3.04 3.86 2.11 -2.85 0.24 23 X Y 200908090402A  
83.55 30.56 21 -2.38 -2.46 4.84 -0.69 0.64 -0.16 23 X Y 200909290601A  
83.71 30.60 19 -3.23 0.89 2.34 -1.23 -2.14 -2.63 23 X Y 200911200716A  
75.74 42.54 26 -1.11 -1.65 2.76 3.35 -1.75 -2.27 23 X Y 201003020155A  
63.90 28.61 52 -0.64 0.54 0.10 0.29 0.42 0.41 27 X Y 201101182023A  
72.78 38.50 119 -0.27 -0.70 0.97 -0.89 -0.79 -0.56 25 X Y 201101240245A  
74.41 39.72 23 -1.19 -0.05 1.24 -2.27 -0.85 1.01 23 X Y 201203021340A  
73.24 36.88 22 -2.51 -2.22 4.73 1.37 -0.68 -0.35 24 X Y 201203120606A  
70.50 36.30 158 0.92 0.43 -1.34 -2.42 -0.85 -2.10 23 X Y 201205030642A  
73.93 38.27 158 -0.52 0.21 0.31 -0.92 0.31 -0.34 24 X Y 201207260106A  
82.52 35.88 17 -1.96 -0.58 2.54 0.79 -0.50 0.59 25 X Y 201208121047A  
73.24 37.00 19 -1.88 -0.02 1.89 -0.34 -0.62 -0.85 23 X Y 201306212051A  
70.29 36.49 209 2.92 -1.34 -1.58 5.53 0.57 5.56 23 X Y 201307030704A  
78.17 32.51 25 -2.38 -0.48 2.86 0.39 -1.21 -0.64 23 X Y 201307091349A  
71.07 36.83 105 2.24 -4.17 1.93 -3.44 1.73 -3.56 23 X Y 201310050027A  
82.35 36.23 25 -2.98 -2.72 5.70 6.69 -2.01 1.27 23 X Y 201403221258A  
71.68 37.40 131 -1.68 0.64 1.04 -0.42 -0.08 0.67 23 X Y 201501031246A  
81.53 35.95 23 -1.71 -0.19 1.90 1.17 -0.47 0.58 23 X Y 201508052104A  
73.69 38.28 149 -0.65 0.73 -0.09 -1.55 0.05 -0.75 23 X Y 201508311613A  
69.95 36.65 309 -1.40 2.61 -1.21 -0.08 8.83 3.34 23 X Y 201601262319A  
70.27 36.06 121 -0.55 -0.76 1.31 2.82 0.76 0.77 23 X Y 201606150902A  
72.55 39.05 18 -1.61 -0.43 2.04 0.96 -0.80 0.20 23 X Y 201608141505A  
82.56 29.85 22 -1.76 -0.06 1.83 0.17 -0.17 0.30 23 X Y 201609100046A  
83.35 30.48 14 -5.60 -1.35 6.95 2.29 -1.77 1.00 23 X Y 201702011007A  
71.55 36.53 423 0.19 0.24 -0.43 0.87 -0.38 0.43 24 X Y 201705060952A  
75.40 37.73 12 -1.49 -0.17 1.65 1.06 -0.55 -0.79 24 X Y 201705102158A  
74.60 35.24 12 -0.80 0.76 0.04 0.05 -1.08 0.65 23 X Y 201708232058A  
82.74 32.24 18 -1.14 -0.94 2.09 3.43 -0.97 1.15 23 X Y 201709010238A  
70.56 36.21 114 -0.41 0.35 0.06 0.85 0.00 -0.12 24 X Y 201710281745A  
72.43 38.14 119 1.07 -1.03 -0.05 -3.56 -0.34 -3.55 23 X Y 201801090005B  
82.11 35.92 25 -2.48 -0.16 2.64 1.10 -0.13 0.40 23 X Y 201802151017A  
78.25 35.96 17 -2.04 -0.22 2.26 2.92 -0.82 1.58 23 X Y 201806061815A  
70.32 29.97 17 0.86 -2.07 1.21 5.34 -3.10 -4.53 23 X Y 201806171421A  
80.74 34.29 23 -0.55 -0.42 0.96 0.49 -0.23 -0.18 24 X Y 201809272113A  
78.00 34.30 18 -4.28 1.52 2.76 1.38 0.11 2.43 23 X Y 201810291443A  
74.20 35.11 19 0.45 0.23 -0.68 -0.37 0.53 -0.60 24 X Y 201902051647A  
71.57 37.03 126 0.29 -0.78 0.49 0.40 -0.63 0.14 24 X Y 201908100643A  
71.30 36.32 83 -0.39 -0.69 1.08 0.90 2.31 -1.34 23 X Y 201911140923A  
74.65 35.57 12 -1.83 -0.74 2.57 0.81 -0.27 1.65 24 X Y 201912301719A  
74.52 35.49 12 -4.86 1.34 3.52 -1.30 1.95 3.42 23 X Y 201912301750A  
82.32 35.75 17 -2.02 -0.46 2.48 2.20 0.18 1.25 23 X Y 202006252029A  
82.35 35.71 13 -2.66 -0.54 3.20 0.82 0.32 1.05 25 X Y 202006252105A  
82.27 35.72 20 -1.59 -0.03 1.62 0.55 0.36 1.08 23 X Y 202006260130A  
82.39 35.78 23 -2.08 -0.31 2.39 0.60 0.05 0.35 23 X Y 202008260048A  
79.12 34.14 21 -3.45 -0.84 4.29 0.93 -1.20 2.50 23 X Y 202010052343A  
71.09 36.64 237 -2.26 0.95 1.31 -1.27 -0.94 -2.44 23 X Y 202010161010A  
71.52 37.12 131 0.13 -1.98 1.85 0.57 -5.03 0.48 23 X Y 202101241901A  
77.95 34.28 12 -0.96 0.17 0.79 -0.18 0.44 0.63 23 X Y 202106280040A  
73.16 38.27 18 -4.58 -1.05 5.63 1.98 -0.19 -1.60 23 X Y 202109270540A  
73.59 38.74 120 1.24 -2.50 1.25 -0.15 0.99 -0.20 23 X Y 202201081956A  
69.72 35.57 98 -2.06 2.29 -0.22 6.75 1.13 1.54 23 X Y 202203020958A  
70.90 36.15 99 -0.39 -0.97 1.36 1.40 1.56 -0.94 23 X Y 202206171225A  
78.39 37.73 18 -0.61 -0.44 1.05 -4.86 2.24 -0.10 23 X Y 202207012013A  
81.86 33.69 23 -2.43 0.22 2.21 1.07 0.02 -0.63 23 X Y 202208310913A  
71.43 35.63 108 2.74 0.71 -3.45 1.96 -0.97 -3.59 23 X Y 202301191130A  
79.74 35.98 16 -2.46 -0.88 3.34 4.76 -2.40 2.72 23 X Y 202301251602A  
79.75 35.95 16 -2.84 -1.13 3.97 4.16 -3.27 1.87 23 X Y 202301301707A  
71.03 36.50 119 0.81 -2.06 1.25 -0.40 2.60 1.30 23 X Y 202305220543A  
70.70 36.28 92 0.25 -2.21 1.97 1.33 2.44 -1.56 23 X Y 202308061323A  
78.52 32.66 21 -1.70 -0.07 1.77 0.56 -0.88 -0.77 23 X Y 202308091744A  
71.85 38.74 14 -0.95 0.13 0.82 0.14 -0.38 -0.66 24 X Y 202310021403A  
83.70 36.76 12 -1.79 -0.12 1.91 1.72 -0.55 0.96 23 X Y 202310251552A  
83.69 36.65 13 -0.87 0.00 0.87 0.21 -0.22 0.42 23 X Y 202310251835A  
71.78 38.81 13 -2.54 -0.08 2.63 0.69 -0.59 -1.23 23 X Y 202311231001A  
71.44 36.67 133 -0.10 -0.34 0.44 1.77 -0.01 -0.46 23 X Y 202401030924A  
71.46 37.15 126 0.78 0.59 -1.37 -0.41 -1.49 1.50 23 X Y 202401060112A  
78.89 41.35 29 0.24 -0.54 0.30 -0.13 0.95 0.67 24 X Y 202401252001A  
74.72 35.52 15 -2.54 0.24 2.30 0.54 -1.97 0.97 23 X Y 202402191605A  