63.65 40.41 15 1.16 -1.05 -0.11 0.06 0.30 0.12 26 X Y 040876A        
63.54 41.48 43 1.39 -1.23 -0.15 -0.61 -1.12 -0.15 25 X Y 040876B        
63.46 40.42 15 1.44 -0.77 -0.67 0.39 0.23 -0.50 26 X Y 051776A        
70.64 36.33 196 5.57 -7.64 2.08 2.71 4.37 -0.69 24 X Y 112776A        
69.79 39.85 10 1.12 -1.01 -0.12 0.43 -0.03 0.38 25 X Y 013177A        
71.28 36.99 118 4.35 -5.13 0.78 2.72 -2.44 1.87 23 X Y 021277A        
70.46 36.03 210 2.10 -1.32 -0.77 2.33 3.00 -1.01 24 X Y 041377A        
70.41 35.99 230 0.80 -1.25 0.46 0.99 0.16 -0.03 24 X Y 041877A        
70.92 39.62 24 0.55 -1.03 0.48 -0.09 -0.47 0.09 24 X Y 060377B        
70.24 36.06 210 9.34 -7.55 -1.79 8.67 -7.85 4.97 24 X Y 060377A        
63.28 40.12 15 1.24 -1.10 -0.14 -0.39 0.12 0.07 24 X Y 071477A        
83.59 42.20 33 0.91 -0.78 -0.13 1.31 0.10 0.23 24 X Y 072377A        
75.45 38.54 132 0.17 0.48 -0.65 5.04 4.67 -0.64 23 X Y 072977B        
77.44 39.92 15 5.80 -6.47 0.67 5.18 3.15 -0.36 24 X Y 121877A        
70.19 36.31 242 0.79 -0.62 -0.17 1.04 0.19 0.17 24 X Y 011678A        
79.97 41.92 15 0.86 -1.10 0.24 0.99 0.38 0.14 24 X Y 031278A        
78.69 42.37 35 1.40 -1.41 0.01 0.01 -1.55 1.45 26 X Y 032478B        
75.45 41.50 33 3.87 -3.69 -0.18 1.72 0.08 0.06 23 X Y 041478A        
70.40 36.21 248 0.58 0.03 -0.62 -0.24 1.29 -0.04 25 X Y 042178A        
63.13 40.48 10 2.82 -2.29 -0.53 0.86 1.17 0.30 24 X Y 060478A        
71.08 36.59 217 7.13 -1.43 -5.70 0.12 6.01 5.49 23 X Y 080878A        
74.29 39.48 10 4.88 -6.99 2.11 2.63 -8.83 -0.43 24 X Y 100878A        
70.70 36.41 182 0.92 -0.89 -0.03 -2.82 -0.50 -0.16 24 X Y 102378A        
71.73 39.17 15 0.78 -0.94 0.16 1.95 -0.03 -1.20 24 X Y 110278B        
72.72 39.90 15 7.66 -4.63 -3.03 1.89 -4.38 -9.05 23 X Y 110278A        
72.20 39.39 10 7.32 -8.03 0.71 1.12 4.20 -1.75 23 X Y 110878A        
71.79 36.69 142 4.20 -2.73 -1.47 -2.28 0.78 -2.52 23 X Y 020779A        
83.69 41.93 15 2.43 -2.43 0.00 1.65 0.52 -0.01 24 X Y 032979B        
77.74 41.92 19 0.66 -0.67 0.01 -1.03 -0.06 0.20 24 X Y 040679A        
80.32 29.58 15 1.02 -1.39 0.36 5.06 -1.34 0.36 24 X Y 052079A        
70.53 36.24 214 1.13 -0.83 -0.30 1.05 -0.77 0.20 24 X Y 062079A        
70.97 36.35 176 7.64 -3.70 -3.94 -1.61 3.41 -0.91 23 X Y 081479B        
70.71 37.93 239 2.26 -1.51 -0.75 4.48 0.14 -0.01 24 X Y 082079A        
76.81 44.87 40 3.42 -2.75 -0.67 0.06 -0.97 -1.97 24 X Y 092579A        
76.76 35.90 80 7.65 -6.23 -1.42 7.52 -6.49 2.25 24 X Y 021380A        
70.33 36.13 152 3.09 -3.04 -0.05 -0.62 -0.47 -0.90 24 X Y 032080B        
69.12 36.19 17 1.37 -0.30 -1.07 1.02 -0.52 -1.41 24 X Y 041480A        
77.40 41.94 15 1.41 -1.28 -0.14 -0.37 1.15 -0.37 24 X Y 070580A        
81.11 28.96 10 1.64 -1.75 0.11 1.41 -0.21 0.27 24 X Y 072980C        
80.95 29.42 22 5.35 -4.95 -0.39 5.91 -1.91 1.76 25 X Y 072980B        
74.31 39.41 10 5.64 -7.98 2.33 2.01 -0.20 -0.58 23 X Y 073180A        
75.37 32.59 15 0.64 -0.43 -0.22 1.39 -1.68 0.47 24 X Y 082380A        
75.40 32.49 15 0.94 -0.76 -0.17 1.93 -1.39 0.66 24 X Y 082380B        
70.64 36.28 207 0.53 -0.32 -0.21 1.41 -0.29 -0.44 24 X Y 091980B        
78.56 40.37 15 4.36 -3.32 -1.04 3.48 5.44 -1.95 23 X Y 120680A        
71.36 36.35 142 6.77 -9.93 3.16 9.72 6.86 -2.52 23 X Y 011081A        
70.53 36.47 188 0.72 -1.18 0.46 -1.54 -0.40 -0.27 24 X Y 042881B        
70.99 36.80 228 5.47 -6.20 0.73 1.03 1.30 -0.71 25 X Y 050281A        
67.74 36.19 15 1.16 -1.90 0.74 -0.78 -2.38 -0.60 24 X Y 061381B        
70.24 36.13 234 0.85 -0.68 -0.17 1.10 0.31 0.25 24 X Y 070881A        
73.48 35.22 10 1.81 -1.57 -0.25 -0.46 0.44 0.71 25 X Y 091281B        
70.47 36.15 212 5.88 -3.81 -2.07 4.64 -1.85 5.07 23 X Y 110181A        
70.28 35.91 214 1.18 -0.49 -0.69 2.66 -3.09 0.31 24 X Y 112381B        
73.40 35.15 15 8.65 -4.71 -3.94 0.51 1.61 4.09 23 X Y 022282B        
71.42 40.26 15 3.82 -4.31 0.49 -1.62 -1.84 0.07 24 X Y 050682A        
70.00 36.13 82 5.49 -4.01 -1.49 0.49 -3.00 4.30 23 X Y 070182B        
70.86 36.01 235 0.27 0.24 -0.52 -0.15 1.06 0.65 24 X Y 070282B        
70.35 34.46 10 3.96 -3.53 -0.43 2.30 1.94 -1.49 24 X Y 112082A        
68.71 36.20 12 5.16 -1.02 -4.14 -1.21 1.27 -1.73 25 X Y 121682A        
77.01 42.75 15 6.65 -6.50 -0.15 5.21 4.76 -1.44 23 X Y 123182B        
70.26 36.16 184 8.96 -7.69 -1.27 -7.80 -1.33 -2.86 23 X Y 012583C        
70.16 38.93 10 9.36 -3.33 -6.03 0.62 0.14 -6.39 23 X Y 022683B        
70.63 36.99 66 1.48 -3.16 1.69 -3.10 1.96 0.11 23 X Y 032383C        
70.69 36.26 212 1.59 -1.21 -0.38 -0.42 -0.48 -0.93 25 X Y 091283A        
71.34 36.34 133 0.78 -1.41 0.64 -2.14 -1.60 -0.83 24 X Y 103083A        
68.79 36.09 10 4.77 -1.25 -3.52 1.82 -0.56 -0.99 23 X Y 120783A        
72.48 39.32 15 6.64 -5.60 -1.05 1.65 0.73 -6.35 24 X Y 121683A        
69.03 34.95 15 1.61 -0.62 -0.99 -1.64 -0.94 1.26 24 X Y 122283D        
70.41 37.17 212 0.90 -0.90 -0.00 1.21 -0.30 0.13 27 X Y 123083C        
70.63 36.19 172 1.50 -1.24 -0.26 -0.32 -0.17 -0.41 25 X Y 012784B        
70.05 34.19 15 1.25 -1.21 -0.04 0.33 0.65 -0.52 25 X Y 020184B        
70.44 40.49 15 5.71 -5.28 -0.43 -0.68 3.99 -1.44 23 X Y 021584B        
70.66 36.25 204 3.73 -3.81 0.08 1.57 1.56 -1.52 25 X Y 021684A        
70.84 41.13 12 1.71 -1.77 0.06 0.80 -0.81 -0.30 24 X Y 021784D        
67.43 39.91 15 3.23 -2.44 -0.79 3.23 1.08 0.02 23 X Y 022384A        
63.24 40.59 15 2.63 -1.15 -1.48 1.72 1.88 -0.75 26 X Y 031984B        
62.88 40.52 15 5.05 -3.31 -1.74 -1.38 2.00 -2.94 23 X Y 032084A        
71.00 36.47 276 5.60 -4.81 -0.79 -0.13 1.30 -0.81 24 X Y 032284B        
67.92 30.04 22 5.59 -4.47 -1.13 -1.03 -0.70 4.37 23 X Y 040284A        
70.78 36.42 208 1.36 -1.97 0.61 0.96 0.85 -0.05 24 X Y 041984A        
70.95 36.28 219 1.86 -0.81 -1.05 1.16 -1.12 0.43 24 X Y 042384A        
70.55 36.72 115 3.34 -5.48 2.14 1.85 -2.34 -1.39 23 X Y 060284B        
70.62 36.12 199 0.91 -0.71 -0.20 1.07 2.06 -1.07 24 X Y 070184A        
69.30 36.12 20 1.40 -0.85 -0.55 0.01 -1.49 -0.49 24 X Y 070384A        
63.40 40.44 10 6.91 -3.99 -2.91 -1.93 -0.69 -1.17 23 X Y 081484B        
70.21 35.76 138 3.96 -2.11 -1.85 4.49 -1.26 1.07 24 X Y 082284C        
70.54 30.53 15 3.69 -0.94 -2.74 2.57 6.14 -1.31 24 X Y 050685A        
70.58 30.77 15 1.08 -0.17 -0.91 1.16 1.48 -0.52 24 X Y 050885C        
70.94 36.25 136 5.23 -1.27 -3.95 4.44 -0.77 -4.15 23 X Y 052885A        
70.96 36.33 98 1.34 -1.13 -0.20 -0.47 0.06 -0.62 27 X Y 072985B        
70.70 35.92 120 3.14 -3.54 0.40 1.08 0.88 -1.15 25 X Y 080285B        
70.06 35.40 124 5.07 -5.10 0.03 -1.36 -0.04 -0.67 23 X Y 080385A        
75.09 39.54 15 1.05 -1.91 0.87 2.27 1.62 0.59 26 X Y 082385B        
75.14 39.25 10 5.04 -5.74 0.70 -4.37 2.99 1.19 23 X Y 082985C        
75.32 39.50 10 1.74 -1.65 -0.09 -0.03 0.54 0.42 25 X Y 091185D        
69.20 40.22 10 5.07 -4.58 -0.49 -1.20 1.62 -2.19 24 X Y 101385B        
71.00 35.97 257 1.36 0.13 -1.50 -1.12 1.29 -0.82 24 X Y 011486A        
70.34 36.36 208 1.10 -1.06 -0.04 1.88 0.03 -0.07 24 X Y 031186A        
77.07 39.83 15 1.21 -1.25 0.04 -0.57 0.88 -0.43 24 X Y 042586A        
76.06 31.59 15 1.04 -0.39 -0.65 0.83 -1.71 0.89 24 X Y 042686B        
71.00 36.29 187 5.97 -4.61 -1.36 2.12 5.69 -1.59 24 X Y 042686C        
69.11 29.54 15 2.35 -3.13 0.78 5.22 5.82 -5.63 23 X Y 051586C        
68.69 35.99 17 3.22 -1.54 -1.68 -1.27 -1.74 0.97 23 X Y 052486B        
78.19 30.48 15 0.52 -0.38 -0.14 0.66 -1.35 0.52 24 X Y 071686B        
70.56 36.52 105 1.68 -2.23 0.55 -0.95 -1.58 -0.69 24 X Y 091586B        
71.28 36.34 221 1.62 0.56 -2.19 0.13 0.70 -1.02 24 X Y 121786A        
81.48 41.77 15 2.08 -1.88 -0.19 3.47 -0.37 -0.95 24 X Y 010587D        
79.31 41.26 15 1.88 -1.86 -0.02 -0.03 0.39 -0.46 25 X Y 012487A        
70.14 39.12 33 1.69 0.52 -2.21 0.71 -0.02 -1.97 23 X Y 022387A        
79.52 41.30 33 2.69 -1.00 -1.70 -1.71 -2.52 -1.53 23 X Y 030387B        
70.02 42.44 15 3.05 -0.88 -2.17 4.63 5.02 -1.54 23 X Y 032687C        
74.67 39.67 15 3.77 -2.99 -0.78 -0.05 0.23 1.43 24 X Y 043087C        
70.55 36.22 208 1.27 -0.94 -0.33 1.81 -0.76 0.42 25 X Y 050587B        
75.30 39.64 15 4.55 -4.37 -0.17 3.33 -1.72 3.10 23 X Y 060887A        
71.38 36.53 238 1.13 -0.64 -0.49 -1.71 5.57 -0.04 23 X Y 063087A        
71.97 36.59 98 1.45 -0.99 -0.46 -0.18 0.56 -1.00 25 X Y 100387C        
75.50 39.01 37 7.98 -7.63 -0.36 5.48 -1.23 -1.46 23 X Y 010688A        
71.01 38.90 15 2.71 -3.23 0.52 0.95 3.01 -2.94 23 X Y 010988C        
70.28 35.82 128 0.61 -1.02 0.41 0.45 -0.50 -0.54 24 X Y 060388A        
77.51 43.01 15 0.77 -0.60 -0.17 -3.57 0.40 -0.68 24 X Y 061788B        
70.25 35.74 211 1.67 -2.42 0.75 -0.60 0.65 0.83 24 X Y 080388A        
70.73 36.17 192 1.68 -1.13 -0.55 -1.58 -0.38 -1.43 25 X Y 080688C        
74.20 39.82 15 1.47 -1.25 -0.22 0.48 -0.38 0.73 24 X Y 081288C        
74.47 39.66 15 3.86 -2.87 -0.99 -2.50 3.06 1.25 23 X Y 092388B        
70.46 36.29 221 5.91 -4.29 -1.62 6.28 -2.34 1.46 24 X Y 092588B        
71.45 36.03 115 1.04 -0.10 -0.94 -0.60 1.00 -0.29 24 X Y 092688A        
71.56 39.72 15 9.38 0.37 -9.74 4.76 1.68 4.91 23 X Y 121488A        
71.28 35.78 105 7.75 -2.43 -5.31 0.03 5.23 -5.32 24 X Y 072489A        
70.84 36.56 114 1.75 -2.94 1.19 -0.70 -1.09 -0.05 25 X Y 020590A        
70.09 35.44 113 8.35 -7.82 -0.52 6.84 -1.07 -5.95 24 X Y 051590A        
70.61 36.68 217 2.28 -1.90 -0.38 3.11 -0.54 0.34 25 X Y 071390C        
70.45 36.38 208 3.32 -3.55 0.23 8.13 -1.99 1.54 23 X Y 090390B        
83.99 43.79 15 4.36 -6.20 1.84 -0.50 -3.39 -2.38 23 X Y 102490C        
70.74 35.19 136 5.35 -5.04 -0.32 2.01 2.35 -2.63 24 X Y 102590B        
71.01 39.15 15 1.20 -0.70 -0.50 0.68 0.21 -0.78 24 X Y 110390D        
71.17 35.92 227 3.51 -0.57 -2.94 2.08 3.80 -3.07 23 X Y 111290A        
73.41 40.62 32 4.98 -6.03 1.04 4.02 -3.23 -3.34 23 X Y 120190A        
70.23 36.01 126 1.25 -1.07 -0.17 1.85 -0.09 -0.24 26 X Y 013191B        
70.48 35.90 146 -0.04 -0.40 0.44 -1.65 -0.89 -0.91 24 X Y 022391B        
79.20 40.34 15 1.32 -1.06 -0.27 0.24 0.03 -0.48 25 X Y 022591B        
70.43 35.86 209 3.18 -3.69 0.51 4.36 -5.42 2.43 23 X Y 032391A        
71.54 36.12 128 0.68 -1.10 0.41 -0.60 0.31 -0.49 24 X Y 041591A        
71.18 36.03 151 4.86 -5.60 0.74 4.32 3.59 0.83 23 X Y 041691B        
67.68 37.28 15 1.03 0.17 -1.20 0.32 1.57 0.21 24 X Y 041891B        
70.35 38.87 33 5.55 -1.97 -3.57 3.63 -0.29 -5.05 23 X Y 042691C        
69.94 35.93 222 4.02 -5.30 1.28 -1.64 -0.46 0.96 23 X Y 042791B        
70.74 36.12 228 0.91 -1.14 0.23 0.22 0.26 -0.03 26 X Y 071491A        
72.08 37.46 142 1.05 -0.49 -0.57 -6.34 -7.03 -0.05 23 X Y 082091B        
78.24 30.22 15 0.68 -0.54 -0.14 1.49 -0.57 0.44 26 X Y 101991G        
69.94 31.66 29 0.69 0.33 -1.02 0.43 1.20 -0.34 24 X Y 010492B        
71.27 32.95 15 0.24 -0.22 -0.02 1.31 0.52 -0.13 25 X Y 052092E        
69.52 35.28 132 7.66 -2.88 -4.78 -0.14 0.13 2.22 23 X Y 081092F        
73.32 42.19 17 6.73 -6.33 -0.40 3.81 -0.56 -1.23 26 X Y 081992B        
72.58 41.20 19 2.37 -1.41 -0.97 2.16 -1.06 1.48 23 X Y 110692B        
70.78 36.57 188 1.26 -1.24 -0.01 1.37 2.32 -1.14 24 X Y 111292F        
68.52 37.30 29 5.42 0.42 -5.84 -1.22 -0.02 3.49 23 X Y 121792E        
72.23 42.45 26 1.08 -1.11 0.03 -0.48 0.55 0.14 24 X Y 122492D        
70.78 36.22 94 9.41 -2.22 -7.19 -0.39 -7.41 -8.61 23 X Y 122692D        
71.07 35.72 97 4.06 -1.74 -2.32 -0.25 2.89 -3.70 23 X Y 032593D        
70.59 36.35 210 1.91 -1.73 -0.18 2.59 -0.99 0.66 25 X Y 080993F        
70.47 36.48 214 2.71 -2.38 -0.32 2.26 -1.06 0.31 26 X Y 080993G        
70.51 36.16 190 6.47 -5.94 -0.53 5.39 5.10 -1.91 24 X Y 090493E        
71.80 36.48 118 0.99 0.43 -1.42 -0.48 0.64 -0.79 25 X Y 091893G        
78.76 44.95 21 1.02 -1.73 0.71 -0.04 0.88 -0.69 24 X Y 123093B        
68.33 36.61 33 4.73 -1.75 -2.98 -2.07 2.16 1.82 23 X Y 030594A        
66.85 37.10 24 1.26 -1.91 0.65 -0.09 -0.28 -0.23 25 X Y 050194B        
71.63 39.12 33 4.21 0.25 -4.46 -3.03 -3.90 -1.83 23 X Y 050194G        
79.02 40.25 33 4.74 -2.63 -2.10 0.50 -0.92 -0.49 23 X Y 050994A        
71.00 36.34 254 3.30 -1.13 -2.16 0.05 0.68 -1.02 25 X Y 063094C        
70.36 36.60 226 2.17 -1.90 -0.28 6.43 -0.81 1.88 23 X Y 071094B        
79.37 40.37 15 6.93 -5.75 -1.18 -0.82 -6.51 -2.34 23 X Y 082394D        
68.97 36.50 15 1.13 0.21 -1.34 -1.16 -0.58 -0.71 24 X Y 102194A        
71.00 36.25 258 7.96 -6.49 -1.47 1.23 2.54 -0.85 24 X Y 102594B        
70.89 36.16 224 9.00 -4.84 -4.16 3.19 9.07 -5.14 23 X Y 122694D        
71.53 36.24 106 3.88 -1.30 -2.58 -0.05 5.13 -4.63 23 X Y 012695C        
72.40 41.73 33 3.84 -3.81 -0.03 2.10 1.71 -1.12 23 X Y 022095D        
70.67 36.67 182 3.49 -3.55 0.06 -4.61 -0.96 -1.98 24 X Y 051695A        
70.13 32.44 16 2.23 -1.48 -0.75 2.35 0.50 -1.46 24 X Y 061195C        
71.18 36.22 244 1.88 -1.03 -0.85 -0.52 2.76 -0.90 24 X Y 081795P        
81.40 42.02 43 5.49 -5.63 0.14 1.83 -0.27 -1.79 23 X Y 092695B        
71.87 41.23 20 4.14 -3.74 -0.40 1.14 -1.27 -0.50 24 X Y 100895B        
70.45 36.18 238 1.62 -1.80 0.18 -1.39 -0.26 -0.22 25 X Y 101895A        
80.31 42.99 15 4.11 -3.30 -0.80 7.72 1.49 -0.11 23 X Y 110195D        
71.30 37.22 81 1.48 0.49 -1.97 0.01 2.00 -0.57 23 X Y 111695A        
78.16 37.72 33 4.13 -2.76 -1.36 -4.30 1.39 2.13 23 X Y 122495B        
69.98 36.61 220 1.10 -0.58 -0.51 2.24 -0.69 -0.57 24 X Y 122595C        
77.98 42.10 20 7.62 -3.98 -3.64 -0.74 -4.18 -2.10 23 X Y 011896B        
76.80 39.93 22 2.67 -2.66 -0.01 2.18 0.98 -0.35 25 X Y 031996B        
73.12 31.32 92 7.07 -6.69 -0.38 -3.19 -0.88 0.14 23 X Y 040196D        
68.19 36.08 36 4.17 -1.67 -2.50 -0.93 -0.07 -1.24 23 X Y 072496D        
67.63 29.29 33 4.36 -2.69 -1.67 1.35 5.18 -1.92 23 X Y 080296A        
70.59 35.96 128 0.64 -1.40 0.76 6.11 -3.18 -0.05 24 X Y 091496D        
76.84 39.00 33 2.38 -0.48 -1.90 2.56 -2.35 1.13 23 X Y 112396A        
80.29 29.43 15 1.23 -1.29 0.07 1.69 -1.09 0.70 24 X Y 010597A        
74.16 41.00 15 4.99 -4.49 -0.50 2.59 1.81 -0.11 24 X Y 010997F        
68.13 29.74 15 2.24 -2.41 0.17 4.58 0.54 0.53 26 X Y 022797E        
70.68 36.51 189 4.09 -4.13 0.04 1.09 2.28 -1.40 25 X Y 051397C        
78.06 37.18 33 2.63 -2.69 0.06 -2.70 1.30 1.82 23 X Y 053097A        
68.07 29.72 33 5.23 -5.71 0.48 4.28 0.41 -1.54 23 X Y 061797C        
70.55 36.32 49 2.84 -1.62 -1.22 -0.50 0.63 -1.31 23 X Y 081397A        
67.99 29.71 23 2.46 -2.92 0.46 1.90 -0.33 -0.12 24 X Y 082497C        
67.92 29.50 18 1.18 -1.28 0.10 0.79 -0.05 0.22 24 X Y 090797B        
64.81 29.43 33 4.55 -0.41 -4.15 0.50 -0.97 -4.26 23 X Y 120497B        
68.26 29.10 37 3.23 -3.63 0.40 2.09 -2.10 -0.11 23 X Y 121397A        
70.62 36.53 224 1.97 -1.80 -0.17 2.36 -0.71 0.61 25 X Y 121797B        
64.61 29.13 18 5.76 -2.17 -3.59 -0.56 -1.98 -3.58 23 X Y 010598D        
70.94 36.36 228 1.58 -1.62 0.04 1.08 0.30 0.04 24 X Y 021498A        
70.88 36.50 244 2.07 -0.10 -1.97 -0.41 3.38 0.02 25 X Y 022098D        
76.88 39.94 33 2.16 -2.12 -0.04 2.24 0.52 -0.88 24 X Y 031998C        
70.00 36.46 236 3.60 -4.21 0.61 7.27 -0.15 -0.37 24 X Y 032198D        
79.06 37.55 29 0.68 -0.83 0.15 -2.49 1.57 0.53 24 X Y 052898F        
75.67 41.35 32 9.65 -8.06 -1.59 2.78 -3.67 -1.91 23 X Y 052998E        
80.44 41.16 15 3.98 -3.20 -0.78 1.60 3.83 -1.07 23 X Y 062598D        
68.24 29.93 15 2.07 -1.64 -0.43 3.28 -2.08 -0.36 23 X Y 071298F        
81.58 41.93 47 6.70 -5.76 -0.94 0.67 -0.09 -0.75 23 X Y 072898A        
68.21 36.24 41 3.07 -1.63 -1.44 2.32 -1.43 -3.81 23 X Y 102598B        
70.87 36.35 240 2.03 -3.00 0.97 -0.28 -1.47 0.43 24 X Y 121198E        
68.22 37.18 34 2.35 -0.09 -2.25 -0.20 2.95 -0.25 23 X Y 012099B        
70.10 35.80 202 4.83 -0.70 -4.13 2.98 8.67 2.74 23 X Y 020999C        
82.38 41.98 17 0.75 -0.85 0.10 1.12 0.99 -0.25 24 X Y 031599A        
79.21 30.38 15 1.58 -1.83 0.25 6.84 -3.18 0.84 25 X Y 032899F        
71.34 36.13 130 7.53 -6.72 -0.81 -2.17 -0.10 -3.79 23 X Y 061099E        
69.77 29.97 33 1.62 -1.04 -0.58 -0.99 0.19 -1.86 24 X Y 062699C        
69.76 30.02 33 3.22 -2.94 -0.28 -0.02 0.34 -0.86 23 X Y 062999B        
70.96 36.50 188 3.85 -2.98 -0.88 0.02 0.74 0.00 24 X Y 062999F        
70.81 36.48 237 5.05 -0.52 -4.53 0.87 3.75 -1.59 25 X Y 110899D        
76.25 42.75 33 6.21 -5.46 -0.75 1.68 0.24 -3.20 23 X Y 120699A        
71.07 36.06 118 6.27 -5.80 -0.47 3.72 -2.83 -6.78 23 X Y 121099A        
65.95 38.73 64 1.65 -0.37 -1.28 1.38 1.18 -2.07 23 X Y 122599C        
70.29 36.30 224 7.84 -8.67 0.83 -3.90 2.86 1.45 24 X Y 011900A        
66.14 38.74 15 7.14 -1.79 -5.34 -6.12 1.62 -3.52 23 X Y 042000D        
71.54 36.52 90 1.42 0.29 -1.70 -0.81 1.44 -1.52 23 X Y 053000B        
70.82 36.24 146 1.11 -2.07 0.97 2.52 1.34 0.22 25 X Y 071700F        
70.90 36.62 237 0.50 0.57 -1.07 0.13 -0.67 0.04 24 X Y 072800B        
76.83 41.90 33 3.83 -2.47 -1.36 -0.31 -0.09 1.40 23 X Y 080800A        
69.22 37.47 29 3.98 -3.60 -0.38 -2.19 -2.77 -1.42 23 X Y 103000J        
68.30 35.95 33 3.05 -0.68 -2.37 7.05 2.79 -2.84 23 X Y 010201E        
66.14 38.61 27 9.62 -5.10 -4.52 0.22 -3.80 -4.84 23 X Y 011801D        
70.62 36.41 193 1.41 -1.68 0.28 -0.14 0.60 -0.27 25 X Y 022501A        
70.95 36.41 206 5.45 1.02 -6.47 -2.91 3.95 -3.63 23 X Y 052201B        
69.22 35.00 30 3.40 -1.74 -1.66 -0.40 -2.15 -1.57 23 X Y 060101B        
73.14 32.61 85 3.40 -4.23 0.83 -2.08 1.84 -0.12 23 X Y 071601D        
75.46 33.00 40 2.17 -1.24 -0.93 1.11 -0.55 1.38 23 X Y 092801A        
71.50 36.43 100 0.96 -0.54 -0.42 0.04 0.46 -1.10 25 X Y 112301A        
81.75 29.61 15 0.18 -0.34 0.16 2.14 -0.53 0.06 24 X Y 112701E        
81.49 28.91 15 1.14 -1.20 0.06 0.81 -0.50 0.54 24 X Y 112701F        
70.76 35.71 123 1.19 -0.60 -0.58 0.81 0.41 -0.56 25 X Y 010302D        
69.29 38.89 44 5.79 -3.27 -2.52 5.07 3.68 -3.54 23 X Y 010902C        
70.42 36.57 228 9.00 -8.16 -0.84 8.62 -2.96 2.05 26 X Y 030302C        
69.06 36.28 15 1.31 0.47 -1.78 0.10 -0.40 -0.23 25 X Y 032502C        
69.59 36.22 15 1.12 0.83 -1.96 4.05 -2.85 -1.05 23 X Y 032502H        
68.75 36.12 15 2.23 0.19 -2.42 0.65 1.46 0.06 24 X Y 032702A        
69.12 36.15 15 6.09 1.65 -7.75 -0.94 0.21 -2.06 24 X Y 041202A        
68.80 35.89 15 2.12 1.59 -3.71 3.77 0.13 -0.76 23 X Y 041202B        
70.56 35.78 224 3.01 -0.64 -2.36 4.79 2.08 2.71 23 X Y 090302B        
70.16 36.63 143 6.16 -6.16 0.01 0.80 1.09 1.09 23 X Y 092902F        
74.90 38.95 15 1.14 -2.16 1.02 2.41 1.25 1.19 24 X Y 122502C        
77.24 39.37 24 2.22 -4.04 1.82 1.81 0.16 -1.21 25 X Y 022403A        
77.04 39.35 15 5.44 -5.61 0.17 3.22 2.83 0.10 23 X Y 022403E        
77.32 39.29 15 3.10 -4.12 1.02 1.84 0.05 -1.32 24 X Y 031203A        
70.44 35.77 109 3.30 0.50 -3.80 3.89 -1.13 -3.78 24 X Y 032903A        
77.46 39.02 42 0.86 -0.84 -0.02 0.35 -0.03 0.04 24 X Y 033003G        
71.34 36.17 105 3.97 -3.66 -0.31 2.72 -0.03 -0.58 23 X Y 042503A        
72.24 40.97 46 5.53 -5.36 -0.17 1.55 1.33 -0.82 23 X Y 050503A        
72.78 42.81 28 1.24 -2.17 0.93 -0.63 0.96 0.33 24 X Y 052203F        
80.38 35.87 33 2.27 -2.22 -0.05 -1.97 2.70 0.77 23 X Y 052903G        
77.69 39.66 15 6.34 -7.14 0.79 -2.27 0.31 0.34 23 X Y 060403F        
77.05 40.20 15 0.67 -0.49 -0.19 0.65 -1.02 -0.00 24 X Y 092603K        
68.20 41.06 15 3.77 -2.76 -1.01 -2.27 1.71 2.10 23 X Y 111003B        
80.50 42.93 15 0.44 -0.45 0.02 0.90 0.39 -0.03 25 X Y 120103A        
75.39 42.65 30 2.17 -2.53 0.36 0.26 0.00 -0.14 23 X Y 011604A        
73.22 34.75 12 1.32 -0.71 -0.61 0.36 0.46 0.98 24 X Y 021404B        
73.12 34.78 19 0.94 -0.34 -0.60 0.42 -0.04 0.64 24 X Y 021404C        
71.57 37.47 119 1.43 1.10 -2.53 -3.69 -2.39 -0.74 23 X Y 022304D        
70.60 36.38 215 2.59 -2.47 -0.12 2.47 0.63 -0.02 24 X Y 031204D        
68.99 40.15 27 2.31 -2.92 0.61 -2.55 0.66 -0.31 23 X Y 032704A        
70.84 36.52 183 3.41 -4.41 1.00 3.66 3.19 -0.54 25 X Y 040504J        
68.34 29.31 12 1.84 -1.97 0.13 4.37 -0.21 0.20 23 X Y 051304A        
71.18 36.47 121 3.25 -4.33 1.08 -3.08 1.80 -2.48 23 X Y 051604P        
70.60 36.52 206 0.78 -0.70 -0.08 0.84 -0.42 0.17 25 X Y 081004A        
70.64 36.49 202 0.65 -0.57 -0.08 0.78 -0.25 0.05 24 X Y 100604B        
77.51 40.38 17 0.99 -0.80 -0.19 1.90 0.17 -0.23 23 X Y 100704D        
70.89 36.73 99 1.98 -2.56 0.57 2.41 0.23 -0.01 23 X Y 101604E        
79.27 41.72 23 0.22 -0.38 0.16 1.61 0.32 0.16 25 X Y 200502142338A  
71.05 36.51 107 2.28 -2.18 -0.11 -0.84 0.81 -1.71 23 X Y 200503020221A  
77.99 39.81 31 0.81 -0.42 -0.39 1.09 0.69 -1.46 23 X Y 200503240738A  
78.70 41.48 30 5.56 -6.17 0.61 1.15 0.90 0.85 23 X Y 200504060844A  
71.12 36.39 244 1.24 -0.78 -0.46 -0.38 0.08 0.20 24 X Y 200506200232A  
69.37 36.41 23 0.86 -0.45 -0.41 0.31 -1.13 -1.06 23 X Y 200506220748A  
73.05 39.83 32 0.96 -1.44 0.48 0.28 0.34 -0.18 23 X Y 200506230304A  
69.65 29.93 12 3.84 -5.10 1.25 5.22 3.43 -2.54 23 X Y 200507160217A  
70.65 36.40 213 1.54 -1.25 -0.29 1.00 -1.29 0.69 24 X Y 200507231440A  
70.67 36.49 193 0.56 -0.57 0.01 0.57 0.52 -0.09 24 X Y 200508161651A  
79.35 37.13 15 1.03 -1.09 0.05 -1.02 0.52 0.25 24 X Y 200508252108A  
71.20 36.30 112 2.32 -0.63 -1.69 -1.47 0.40 -2.53 23 X Y 200508260745A  
70.62 36.38 218 2.91 -3.45 0.54 2.00 -0.06 0.69 23 X Y 200508270505A  
82.46 41.97 12 1.78 -2.28 0.50 -0.73 -0.31 0.08 23 X Y 200509230500A  
73.47 34.38 12 2.61 -1.27 -1.33 1.43 0.36 1.26 27 X Y 200510080350A  
73.12 34.70 12 5.20 -2.38 -2.82 1.61 -0.18 2.51 25 X Y 200510081046A  
73.06 34.58 14 3.27 -1.83 -1.45 1.82 -0.62 1.48 24 X Y 200510081208A  
73.34 34.62 17 3.95 -3.02 -0.92 0.81 2.36 1.47 24 X Y 200510081225A  
73.10 34.68 12 2.05 0.44 -2.49 0.67 -0.44 0.53 24 X Y 200510082113A  
73.06 34.60 12 1.11 -0.43 -0.68 0.75 -0.24 0.72 24 X Y 200510082145A  
72.86 34.69 12 1.17 -0.68 -0.49 0.88 -2.40 1.49 23 X Y 200510082204A  
73.17 34.93 12 1.22 0.01 -1.23 0.91 -1.17 0.60 23 X Y 200510082253A  
72.94 34.70 12 3.05 -2.95 -0.11 1.94 -0.57 0.71 23 X Y 200510090458A  
73.01 34.57 12 1.06 -0.70 -0.36 0.68 -0.30 0.59 24 X Y 200510090709A  
73.13 34.65 12 3.36 -0.93 -2.42 1.90 -0.46 1.82 24 X Y 200510090830A  
72.86 34.64 12 0.86 -0.67 -0.19 0.71 -1.46 0.62 23 X Y 200510090859A  
73.02 34.55 16 2.36 -1.08 -1.29 3.06 -0.23 0.87 23 X Y 200510091121A  
73.03 34.74 12 2.66 -3.05 0.39 0.86 0.44 0.16 23 X Y 200510091238A  
73.58 34.33 12 1.26 -1.24 -0.02 0.40 0.16 0.16 24 X Y 200510091920A  
72.87 34.62 17 2.32 -2.45 0.12 0.01 -0.88 0.24 23 X Y 200510091947A  
73.26 34.65 12 2.11 -2.24 0.13 1.02 1.71 0.56 23 X Y 200510101238A  
73.08 34.88 12 0.89 -0.56 -0.33 0.13 -0.04 0.62 24 X Y 200510122023A  
73.10 34.69 14 2.44 -0.49 -1.95 1.28 -0.18 1.21 23 X Y 200510132049A  
73.00 34.91 20 1.37 -0.48 -0.89 -0.06 1.28 1.01 23 X Y 200510141937A  
73.08 34.81 21 2.84 -1.90 -0.95 0.73 0.06 1.33 23 X Y 200510171043A  
73.09 34.72 12 3.24 -3.35 0.11 1.91 -0.30 1.54 23 X Y 200510182120A  
73.05 34.76 12 2.63 -2.47 -0.16 1.59 -0.25 1.25 24 X Y 200510190233A  
73.14 34.78 12 1.33 -1.22 -0.11 0.16 0.09 0.89 24 X Y 200510190316A  
72.73 34.98 12 5.37 -2.23 -3.14 -0.66 -3.94 2.17 23 X Y 200510191247A  
73.03 34.74 12 1.58 -1.31 -0.27 0.94 -0.05 0.67 24 X Y 200510231504A  
73.11 34.75 12 1.46 -1.47 0.02 0.79 0.60 0.14 23 X Y 200510231928A  
73.18 34.76 17 1.68 -1.85 0.17 -0.44 0.85 -0.02 23 X Y 200510241314A  
73.85 34.11 22 1.00 -1.09 0.10 0.56 -1.06 0.58 23 X Y 200510260142A  
73.15 34.64 12 5.51 -0.63 -4.88 4.36 -0.70 2.42 23 X Y 200510282134A  
73.20 34.51 13 1.64 -1.47 -0.17 2.59 -5.10 1.26 23 X Y 200511060211A  
73.12 34.68 20 2.24 -0.40 -1.84 0.55 -0.12 0.87 23 X Y 200511200535A  
73.14 34.79 13 1.48 -1.63 0.15 -0.25 -0.17 0.19 23 X Y 200512011538A  
71.06 36.45 210 0.76 -0.82 0.06 0.17 0.13 -0.01 26 X Y 200512122147A  
78.83 30.12 34 3.25 -3.75 0.51 3.49 -1.77 2.62 23 X Y 200512140709A  
73.20 34.65 15 0.44 0.19 -0.62 8.04 -2.17 1.45 23 X Y 200512250802A  
73.18 34.83 19 2.63 -0.94 -1.69 -1.08 -0.09 1.83 23 X Y 200602022149A  
72.99 34.75 33 2.01 -1.19 -0.83 0.59 -0.67 0.89 23 X Y 200602081257A  
63.64 40.38 19 1.40 -1.24 -0.16 0.39 0.43 -0.75 23 X Y 200603072250A  
73.51 32.62 25 1.79 -2.07 0.28 2.45 -0.40 -0.32 23 X Y 200603100750A  
73.03 34.69 23 2.91 -1.29 -1.62 0.76 -0.79 1.41 23 X Y 200603190249A  
73.57 34.75 12 4.08 -1.15 -2.93 3.17 0.58 -5.80 23 X Y 200603201740A  
68.27 29.28 12 3.69 -3.06 -0.63 3.29 0.54 1.57 23 X Y 200603210652A  
67.94 29.28 19 1.23 -1.10 -0.13 1.06 -1.53 0.25 23 X Y 200603210708A  
73.22 34.52 12 0.96 -0.70 -0.26 0.11 0.55 0.30 23 X Y 200604040912A  
80.62 41.74 21 2.85 -2.49 -0.36 0.81 0.26 -0.80 23 X Y 200604281801A  
77.64 40.53 30 2.12 -2.06 -0.06 0.93 0.53 0.23 23 X Y 200606081134A  
71.70 39.22 13 3.37 -5.24 1.87 -0.12 1.01 -3.65 24 X Y 200607060357A  
68.56 37.36 12 2.70 0.05 -2.75 0.04 -0.33 0.11 24 X Y 200607290012A  
68.54 37.38 12 1.62 0.07 -1.69 0.23 -0.25 0.21 24 X Y 200607291057A  
76.87 40.20 32 1.37 -1.48 0.11 0.43 0.10 -0.36 23 X Y 200609060751A  
75.32 42.65 24 1.97 -2.02 0.05 -0.34 -0.21 -0.39 23 X Y 200611080221A  
83.47 44.26 30 3.56 -4.56 1.00 2.11 -0.88 -1.59 23 X Y 200611231104A  
74.56 39.83 17 3.06 -4.58 1.52 0.29 1.29 0.27 23 X Y 200612240158A  
76.06 42.17 19 3.65 -4.34 0.69 -4.44 0.86 -3.55 24 X Y 200612252001A  
70.04 39.82 20 6.73 -2.34 -4.39 2.32 -1.18 -4.10 23 X Y 200701311052A  
71.12 39.15 17 6.40 -4.60 -1.80 2.23 -1.51 -4.27 23 X Y 200702022202A  
69.16 36.75 21 3.13 -1.65 -1.47 0.33 0.20 -1.75 23 X Y 200703121244A  
70.62 36.53 223 1.71 0.48 -2.19 1.39 -1.66 -0.19 25 X Y 200704030335A  
72.62 39.50 18 2.59 -3.14 0.55 0.60 -0.82 -1.76 23 X Y 200704151359A  
75.36 42.71 28 3.45 -3.93 0.48 -0.90 0.16 0.10 23 X Y 200706061109A  
68.41 37.27 31 0.30 -0.02 -0.28 -0.03 -1.18 0.26 24 X Y 200706220451A  
70.17 38.98 12 4.74 -1.06 -3.68 4.10 -1.28 -5.69 23 X Y 200707212244A  
70.26 36.04 131 2.95 -3.19 0.24 1.12 -1.05 0.33 23 X Y 200707250621A  
71.24 39.25 17 2.99 -2.17 -0.82 -0.51 -0.13 -1.96 23 X Y 200707310247A  
69.72 29.53 12 4.49 -3.44 -1.05 2.73 0.78 -2.28 23 X Y 200711251353A  
70.89 36.61 241 1.81 -0.51 -1.30 0.64 6.59 -0.66 23 X Y 200712021157A  
73.05 40.34 25 5.11 -5.77 0.67 0.35 -1.03 1.86 23 X Y 200712260445A  
71.97 41.11 20 3.65 -3.07 -0.58 1.44 0.59 0.87 23 X Y 200712311823A  
72.90 40.34 19 2.75 -2.84 0.09 0.77 -0.24 0.02 24 X Y 200801010632A  
70.55 36.47 199 4.67 -4.22 -0.46 5.43 -1.04 0.93 23 X Y 200801191925A  
70.69 36.45 194 1.44 -1.50 0.06 1.99 0.62 0.16 23 X Y 200802230441A  
75.05 39.48 13 3.52 -4.00 0.48 0.72 1.08 1.07 23 X Y 200804100717A  
70.62 36.38 218 1.10 -1.02 -0.08 1.10 0.09 0.10 24 X Y 200805112057A  
72.89 39.47 12 3.43 -2.53 -0.90 1.82 -0.51 -2.00 23 X Y 200807081608A  
69.41 35.46 22 1.41 0.49 -1.90 0.04 0.10 -0.50 23 X Y 200807110203A  
71.21 41.52 18 1.87 -1.01 -0.86 0.42 -0.41 -0.95 23 X Y 200808010129A  
83.96 42.79 13 0.85 -0.98 0.13 0.25 0.31 -0.63 24 X Y 200808301246A  
71.12 36.52 225 1.24 -0.40 -0.84 0.81 0.67 -0.55 24 X Y 200809050457A  
70.78 36.49 183 4.25 -3.84 -0.41 -5.30 -2.14 -0.76 24 X Y 200809060547A  
71.12 36.10 107 0.54 -0.02 -0.52 -0.33 0.40 -0.42 24 X Y 200809241759A  
73.64 39.50 12 1.27 -1.30 0.03 0.38 -0.06 -0.41 26 X Y 200810051552A  
70.71 36.17 123 0.48 -0.78 0.30 -0.12 0.52 -0.48 24 X Y 200810130807A  
73.69 39.50 12 3.45 -4.59 1.14 4.55 -0.34 -4.27 23 X Y 200810131605A  
70.10 38.80 22 0.59 -0.06 -0.53 0.04 -0.64 -0.31 24 X Y 200810131716A  
73.73 39.52 20 2.29 -1.83 -0.46 0.05 -0.61 -0.95 23 X Y 200810230550A  
70.46 36.44 200 2.82 -2.94 0.12 4.09 -0.50 0.28 24 X Y 200810260128A  
67.63 30.31 20 2.66 -3.27 0.61 0.38 0.43 0.20 23 X Y 200811031608A  
73.98 39.61 16 2.16 -1.62 -0.54 0.79 2.30 -1.20 23 X Y 200811061423A  
71.41 36.02 101 2.54 -0.38 -2.16 -1.04 0.56 -2.11 23 X Y 200812212238A  
70.91 36.48 155 5.52 -5.84 0.32 -3.45 -0.31 -0.10 24 X Y 200812290337A  
70.36 36.44 206 0.79 -0.71 -0.07 0.51 -0.15 0.01 26 X Y 200901032023A  
70.65 36.46 190 2.88 -3.23 0.35 1.44 2.00 -0.67 24 X Y 200901042312A  
80.92 43.41 28 4.77 -4.65 -0.12 -0.87 0.59 -1.04 23 X Y 200901250147A  
73.79 34.14 18 1.46 -1.14 -0.32 1.62 -0.83 0.87 24 X Y 200902200348A  
78.63 40.74 17 0.84 -0.93 0.09 0.29 0.05 -0.16 24 X Y 200902201002A  
70.11 34.14 12 5.50 -3.72 -1.78 3.50 1.36 -4.18 23 X Y 200904162127A  
77.27 40.21 16 3.75 -3.52 -0.23 -0.65 1.42 -2.59 23 X Y 200904220926A  
72.62 41.06 36 1.95 -0.01 -1.94 -1.32 -1.40 -1.53 23 X Y 200904262354A  
72.35 42.90 20 3.90 -4.41 0.50 0.53 -1.30 -1.02 23 X Y 200904272004A  
71.26 41.62 20 1.89 -1.03 -0.86 0.30 -0.01 -0.78 23 X Y 200904291853A  
67.72 38.43 24 3.56 -0.66 -2.90 0.39 1.42 -0.79 23 X Y 200905101734A  
77.62 36.28 114 4.88 -5.85 0.97 0.55 -0.89 -0.59 23 X Y 200905211233A  
78.83 44.77 12 1.10 -1.40 0.30 -0.16 0.49 -0.86 24 X Y 200906131717A  
71.03 36.43 246 0.58 -0.19 -0.39 -0.24 0.79 -0.38 24 X Y 200907050945A  
73.01 34.93 26 2.38 -1.55 -0.84 2.05 -0.94 2.94 23 X Y 200907270623A  
70.61 36.46 197 3.02 -2.67 -0.34 4.03 -1.33 0.87 23 X Y 200909190417A  
77.03 39.90 19 3.11 -3.65 0.55 1.97 0.97 -0.12 23 X Y 200910160256A  
70.82 36.51 181 2.17 -1.82 -0.35 -0.22 -0.31 -0.34 25 X Y 200910221951A  
64.09 29.52 136 0.12 0.03 -0.15 2.21 2.47 0.04 24 X Y 200910251747A  
70.66 36.39 219 2.10 -1.85 -0.25 1.56 -1.03 0.68 25 X Y 200910291744A  
77.23 35.72 111 2.23 -0.57 -1.66 7.52 -0.43 2.29 23 X Y 200912060433A  
69.96 35.75 115 3.04 -3.50 0.46 3.30 -0.36 1.16 24 X Y 201002272321A  
69.97 36.55 214 1.85 -2.02 0.17 5.28 -0.82 -0.75 23 X Y 201006041149A  
74.93 39.75 42 0.59 -0.76 0.17 0.23 0.10 -0.27 24 X Y 201006100638A  
80.33 29.55 14 2.02 -1.70 -0.32 2.98 0.84 1.01 23 X Y 201007061908A  
69.45 38.52 12 5.76 -4.17 -1.59 3.42 0.85 -2.77 23 X Y 201008031626A  
71.23 36.65 234 0.92 0.20 -1.11 -0.03 3.90 -1.84 23 X Y 201008240834A  
70.79 36.44 208 2.55 -2.08 -0.47 0.86 1.39 -0.81 25 X Y 201009171921A  
70.81 36.38 189 0.90 -1.21 0.31 0.17 0.23 -0.03 24 X Y 201010280359A  
70.64 36.59 243 5.60 -3.99 -1.61 5.43 1.76 -2.14 23 X Y 201011102041A  
70.51 34.46 25 0.67 -0.69 0.02 0.29 0.25 -0.26 24 X Y 201011150051A  
70.62 31.48 22 0.49 0.37 -0.86 0.45 1.26 -0.17 24 X Y 201012092317A  
69.59 30.29 12 2.73 -3.37 0.64 1.98 0.92 -2.85 23 X Y 201012111534A  
75.16 39.44 12 2.88 -3.26 0.38 0.15 -0.34 0.02 23 X Y 201101010156A  
68.89 36.35 29 1.98 0.14 -2.11 -0.33 0.43 0.05 23 X Y 201101020336A  
78.90 40.39 17 1.88 -1.49 -0.39 1.44 -2.22 -0.89 23 X Y 201103171534A  
70.73 36.47 194 4.25 -5.00 0.74 3.15 2.90 -0.12 24 X Y 201103210949A  
76.51 36.13 77 1.94 -2.22 0.28 0.18 0.19 0.23 23 X Y 201103230555A  
80.71 29.43 19 1.07 -0.97 -0.10 1.02 0.09 0.59 24 X Y 201104041131A  
77.73 43.72 25 1.93 -3.58 1.66 -5.28 -2.17 0.32 23 X Y 201105010231A  
70.92 36.78 235 2.32 0.22 -2.54 0.56 2.88 1.02 23 X Y 201105132139A  
70.62 36.45 210 0.78 -0.66 -0.12 0.75 -0.52 0.23 25 X Y 201105142107A  
71.36 40.28 29 1.33 -1.68 0.35 -1.47 0.01 -0.29 25 X Y 201107191935A  
77.22 39.86 12 2.82 -3.22 0.40 0.33 0.61 -0.72 24 X Y 201108111006A  
69.19 36.48 30 1.33 -0.82 -0.52 0.28 -2.03 -1.43 23 X Y 201108172352A  
70.57 36.48 202 0.86 -0.71 -0.15 0.92 -0.25 0.17 24 X Y 201108262032A  
82.70 44.45 29 1.81 -2.18 0.37 -0.12 -0.76 -0.47 23 X Y 201110161344A  
82.41 43.55 39 1.93 -2.22 0.29 1.64 0.08 -0.10 24 X Y 201111010021A  
71.09 36.23 102 1.74 -2.41 0.66 1.67 0.39 -0.09 23 X Y 201111031134A  
71.02 36.59 222 4.01 -0.57 -3.44 -0.31 1.26 1.05 24 X Y 201111071159A  
76.89 38.54 44 1.44 -2.79 1.36 -1.65 0.69 -0.18 23 X Y 201112011248A  
68.24 28.72 12 5.92 -3.75 -2.17 2.17 -0.38 2.45 23 X Y 201112231202A  
70.22 35.94 118 1.64 -2.07 0.43 0.59 0.03 0.02 23 X Y 201201132250A  
74.76 41.59 31 2.30 -2.14 -0.17 -0.31 -0.58 -0.93 23 X Y 201202050710A  
81.47 39.49 44 5.88 -6.71 0.83 -1.95 -2.31 2.73 24 X Y 201203082250A  
70.21 38.69 22 2.68 -0.41 -2.26 0.26 -2.96 -2.28 24 X Y 201205122328A  
78.78 43.58 27 1.37 -1.50 0.14 -0.47 0.04 -0.33 24 X Y 201205302120A  
75.32 39.82 35 2.82 1.47 -4.29 2.78 0.60 -0.95 23 X Y 201206011232A  
70.76 36.47 192 4.67 -4.26 -0.41 -3.29 0.22 -0.70 24 X Y 201207121400A  
71.19 37.12 111 3.43 -3.63 0.21 1.19 -0.31 0.40 24 X Y 201207190736A  
75.56 39.63 29 2.19 -2.17 -0.02 3.00 0.81 -1.52 23 X Y 201208010952A  
78.15 39.96 12 1.11 -1.17 0.06 0.08 -0.05 -0.26 24 X Y 201208110934A  
73.75 34.88 18 2.94 -0.51 -2.43 -0.62 2.50 -2.17 23 X Y 201208132033A  
82.65 28.05 29 2.23 -1.83 -0.40 2.45 -1.01 1.20 23 X Y 201208231630A  
71.36 36.76 198 3.06 -0.40 -2.66 -0.79 2.04 -1.24 23 X Y 201209121929A  
82.44 43.74 37 2.55 -2.62 0.07 0.59 0.23 -0.31 23 X Y 201209140321A  
69.06 36.46 26 4.73 -2.78 -1.95 -3.80 -3.10 -4.52 23 X Y 201209250833A  
74.11 38.12 178 1.98 -2.51 0.53 -1.76 -1.08 1.10 23 X Y 201212081009A  
70.43 35.57 119 1.84 -2.55 0.71 1.24 1.18 -0.32 24 X Y 201212291750A  
71.08 36.13 98 1.95 -1.31 -0.63 -1.00 0.03 -2.28 23 X Y 201301050432A  
77.52 40.22 12 1.83 -1.39 -0.44 6.07 2.02 -1.48 23 X Y 201303110301A  
70.97 36.40 241 1.22 -1.00 -0.22 0.28 0.98 -0.57 24 X Y 201304040631A  
71.23 36.32 113 1.17 -1.40 0.22 0.45 -0.00 -0.06 24 X Y 201304052255A  
70.45 34.41 104 1.13 0.92 -2.05 -1.19 0.62 0.97 24 X Y 201304240925A  
75.60 33.02 20 2.23 -1.08 -1.14 2.17 -1.21 1.23 24 X Y 201305010657A  
70.25 36.49 198 0.46 0.34 -0.80 2.56 0.59 -0.38 23 X Y 201305201718A  
67.26 39.94 27 4.84 -1.57 -3.28 2.08 1.06 -3.00 24 X Y 201305260608A  
82.18 28.49 18 2.78 -2.74 -0.04 2.30 -0.72 1.22 23 X Y 201306281140A  
70.47 36.50 208 2.91 -2.11 -0.80 -4.21 -1.85 1.76 23 X Y 201307290808A  
75.95 33.09 22 5.26 -3.62 -1.64 2.32 0.94 3.25 23 X Y 201308020232A  
75.71 33.10 26 3.58 -2.75 -0.82 3.38 0.00 1.80 23 X Y 201308022137A  
70.02 36.55 215 2.59 -3.12 0.52 7.31 -1.49 -0.99 23 X Y 201309081730A  
70.56 36.42 217 0.73 -0.76 0.03 0.71 0.22 0.03 24 X Y 201310130117A  
77.26 35.74 90 1.62 -2.08 0.45 3.76 1.53 0.99 23 X Y 201310201945A  
78.98 40.32 12 0.90 -0.78 -0.12 0.34 0.06 -0.34 24 X Y 201312010834A  
71.23 36.43 77 1.90 0.18 -2.07 -1.48 -0.45 -1.45 23 X Y 201312211421A  
73.83 38.33 129 2.17 -1.86 -0.31 -1.54 -0.51 -1.18 23 X Y 201312241240A  
71.09 37.16 101 2.79 -3.26 0.47 0.94 -0.65 -0.81 23 X Y 201403281024A  
67.75 29.30 16 2.16 -1.35 -0.81 -0.11 -0.27 -0.99 23 X Y 201405160632A  
70.62 36.48 206 2.00 -1.57 -0.43 2.05 -1.56 0.70 24 X Y 201406140358A  
70.78 36.13 86 1.34 -2.30 0.96 1.46 1.50 -1.31 23 X Y 201407110414A  
71.15 36.93 110 0.57 -1.06 0.48 -0.28 -0.55 0.14 24 X Y 201407190717A  
77.29 43.19 27 1.47 -1.52 0.05 -1.73 -0.01 -0.54 23 X Y 201408152142A  
70.87 36.54 203 0.98 -0.88 -0.10 -0.51 0.16 -0.08 24 X Y 201408311148A  
70.50 35.84 97 6.11 -6.03 -0.07 3.17 1.96 -2.25 23 X Y 201409132231A  
69.68 36.54 22 1.57 -2.88 1.31 -2.92 -4.28 -1.31 23 X Y 201409272249A  
77.22 42.21 24 1.44 -1.38 -0.06 -0.10 -0.24 -0.62 24 X Y 201411140124A  
70.89 36.51 237 0.71 -0.25 -0.46 -0.23 0.63 0.27 24 X Y 201411210858A  
66.48 36.63 27 1.14 -1.12 -0.02 -0.39 -0.44 0.67 24 X Y 201411221345A  
70.68 36.42 192 1.05 -1.42 0.37 1.69 1.74 -0.45 23 X Y 201412181214A  
77.21 40.19 15 2.44 -2.00 -0.44 4.47 0.45 -1.09 23 X Y 201501100651A  
73.28 34.57 20 4.77 -3.65 -1.12 1.08 -0.87 2.77 23 X Y 201502262159A  
71.36 36.55 97 2.13 -0.48 -1.65 -0.33 -1.40 -1.42 23 X Y 201503211744A  
71.14 36.40 125 1.19 -1.77 0.58 0.64 0.50 -0.54 23 X Y 201503250641A  
71.08 36.45 111 1.33 -1.55 0.22 -0.30 -0.05 -1.33 23 X Y 201504130927A  
82.35 28.65 26 3.81 -1.97 -1.84 0.58 1.19 1.97 23 X Y 201504211402A  
71.95 37.26 179 2.10 -2.19 0.09 -1.06 0.00 0.20 23 X Y 201504280503A  
69.97 38.75 17 2.17 -0.44 -1.73 -1.22 -6.12 -3.58 23 X Y 201505200331A  
70.31 36.18 103 2.12 -2.26 0.14 0.78 -0.26 -0.19 23 X Y 201506011441A  
71.13 36.68 196 1.84 -0.88 -0.96 0.40 0.54 -1.28 24 X Y 201506292207A  
78.14 37.58 16 3.58 -3.22 -0.37 -3.50 1.64 1.37 25 X Y 201507030107A  
71.00 36.53 147 1.67 -2.10 0.42 -1.13 -0.22 -0.07 23 X Y 201508041644A  
71.03 36.46 230 0.83 -0.76 -0.07 0.33 0.32 -0.15 25 X Y 201508101005A  
70.46 36.01 113 0.46 -0.21 -0.25 0.67 0.02 -0.52 24 X Y 201509092103A  
70.33 29.49 12 2.94 -0.51 -2.43 -0.43 -1.20 -1.47 24 X Y 201510230027A  
70.42 36.55 209 1.53 -1.43 -0.10 1.60 -0.44 0.28 27 X Y 201510260909A  
69.68 32.03 15 1.54 -1.34 -0.20 0.12 -0.33 -0.70 23 X Y 201511021340A  
73.07 40.44 23 1.85 -1.87 0.01 -0.32 -1.36 -1.24 24 X Y 201511171729A  
71.32 36.45 110 4.66 0.40 -5.06 -1.50 -1.08 -1.86 24 X Y 201511221816A  
81.60 29.04 23 0.75 -0.66 -0.10 0.47 0.03 0.40 24 X Y 201512182216A  
71.06 36.46 214 4.64 -2.57 -2.07 0.66 -0.63 -0.44 25 X Y 201512251914A  
70.75 36.49 195 0.61 -0.75 0.14 0.49 0.69 -0.03 24 X Y 201601020837A  
70.87 36.59 238 0.74 -0.03 -0.71 -0.37 4.15 0.37 24 X Y 201601122005A  
71.42 36.50 98 1.66 -1.69 0.03 0.30 1.07 -2.13 23 X Y 201601230454A  
70.80 36.53 174 0.38 0.17 -0.55 0.80 0.03 -0.37 24 X Y 201602210912A  
66.85 39.05 23 1.77 -0.46 -1.32 0.40 -1.19 -2.39 23 X Y 201604051212A  
70.87 36.12 101 0.55 -0.86 0.32 1.29 -0.18 -0.70 23 X Y 201604080219A  
71.16 36.85 82 1.25 -2.05 0.80 0.02 -1.08 0.58 23 X Y 201604081430A  
71.04 36.44 211 1.04 -1.11 0.08 0.30 0.20 -0.03 26 X Y 201604101028A  
69.94 36.55 222 2.64 -1.82 -0.82 0.31 0.08 -0.50 23 X Y 201604200328A  
71.57 37.04 129 1.82 -2.89 1.07 -0.83 -1.28 0.01 23 X Y 201604242143A  
70.56 36.40 214 0.91 -0.91 0.01 0.91 0.23 0.00 24 X Y 201606231135A  
69.96 36.60 205 1.52 -1.29 -0.24 3.50 0.12 -1.45 23 X Y 201606260914A  
73.43 39.47 17 3.43 -4.68 1.25 -3.06 -1.21 -3.21 25 X Y 201606261117A  
73.29 39.50 20 1.78 -1.97 0.19 -0.02 -0.16 -0.62 23 X Y 201606270625A  
73.42 39.50 18 2.65 -2.83 0.17 0.86 -0.18 -0.19 23 X Y 201606271928B  
73.46 39.49 20 1.80 -2.19 0.38 -0.41 1.07 -0.21 23 X Y 201606290808A  
70.37 39.04 12 1.92 -0.98 -0.94 0.32 -1.56 -2.50 23 X Y 201607011458A  
77.89 39.96 12 1.70 -1.59 -0.11 1.20 -0.76 -0.34 23 X Y 201607091637A  
79.26 41.58 14 1.67 -1.25 -0.42 0.39 0.34 -1.03 23 X Y 201607191232A  
78.40 40.70 21 2.67 -3.28 0.61 2.20 1.08 0.62 23 X Y 201608121800A  
73.54 34.82 17 4.29 -1.06 -3.24 1.11 1.47 -4.42 23 X Y 201610010804A  
71.07 36.43 107 2.70 -4.18 1.49 1.23 1.65 -0.84 23 X Y 201610200040A  
70.70 36.49 204 1.04 -0.86 -0.18 0.75 0.86 -0.43 24 X Y 201611151602A  
80.38 29.57 34 1.22 -1.25 0.02 1.31 -0.49 1.10 23 X Y 201612011652A  
71.11 36.43 100 1.46 -1.69 0.24 -0.33 -0.04 -0.71 23 X Y 201612080007A  
68.27 36.91 12 3.32 -0.49 -2.83 0.59 0.22 0.92 23 X Y 201701090559A  
76.93 38.33 19 2.18 0.33 -2.51 -0.50 3.49 2.15 23 X Y 201701200954A  
78.85 30.41 21 0.78 -0.75 -0.03 0.82 -0.14 0.27 24 X Y 201702061703A  
71.94 37.62 142 0.21 0.12 -0.33 -1.40 -0.48 -0.47 24 X Y 201702281342A  
71.18 36.63 192 1.95 -1.23 -0.73 0.78 1.77 -1.39 23 X Y 201704040448A  
70.72 36.52 194 4.73 -2.48 -2.25 -2.73 -0.05 -1.63 23 X Y 201704172304A  
71.34 39.56 22 1.93 -0.42 -1.51 -0.58 0.24 -1.90 23 X Y 201705032003A  
71.41 39.51 18 6.41 -1.44 -4.96 -1.63 0.19 -3.93 24 X Y 201705050509A  
71.22 36.71 196 1.41 -0.12 -1.30 -0.77 1.88 -0.88 23 X Y 201706220410A  
70.54 36.40 212 0.95 -0.85 -0.10 0.80 0.14 0.15 24 X Y 201706252330A  
70.81 36.52 194 3.31 -2.31 -1.00 -0.16 1.52 1.56 23 X Y 201706280350A  
70.69 36.31 103 2.54 -4.94 2.40 1.13 2.59 -1.34 23 X Y 201707191359A  
70.81 36.60 189 2.08 -1.57 -0.51 0.51 0.81 -0.75 23 X Y 201708041851A  
82.74 44.40 28 3.56 -4.06 0.51 -0.37 -1.25 -0.64 25 X Y 201708082327A  
71.19 36.24 113 3.23 -3.15 -0.09 1.62 1.07 -1.13 23 X Y 201708250727A  
83.45 42.14 20 2.14 -2.11 -0.03 1.45 -0.27 -0.03 24 X Y 201709161011A  
67.96 39.77 12 4.63 -2.80 -1.83 -1.69 -2.05 -2.41 23 X Y 201709291349A  
77.45 35.74 118 6.32 -2.93 -3.39 4.94 -1.12 2.91 23 X Y 201712062329A  
70.84 36.62 186 2.98 -2.53 -0.45 -1.89 -0.46 0.30 23 X Y 201712260808A  
70.72 36.51 205 2.24 -1.75 -0.49 1.08 1.45 -0.99 25 X Y 201801310707A  
70.61 36.46 211 4.07 -3.51 -0.56 2.54 -3.37 0.74 23 X Y 201803242217A  
71.17 36.41 243 3.60 -2.52 -1.08 -2.60 0.20 1.07 23 X Y 201803301845A  
77.22 40.41 22 1.77 -1.92 0.15 1.24 -0.62 -0.66 23 X Y 201804121041A  
70.59 36.72 261 2.47 -1.91 -0.56 0.28 3.98 -0.72 23 X Y 201804241552A  
71.19 37.33 116 2.36 -4.31 1.95 0.60 1.68 0.08 23 X Y 201805060001A  
68.67 32.92 25 1.25 -1.75 0.50 0.33 1.05 0.08 23 X Y 201805081817A  
70.58 33.02 20 0.59 -0.33 -0.26 1.37 0.69 -0.09 24 X Y 201805090323A  
71.25 37.05 126 2.71 -3.73 1.02 -1.25 -1.82 -0.88 25 X Y 201805091041A  
70.91 36.51 210 3.98 -2.59 -1.39 -2.33 -0.99 -1.20 23 X Y 201805101408A  
69.41 36.15 121 1.41 -1.70 0.29 0.34 0.17 -0.12 23 X Y 201807210518A  
70.52 38.55 12 1.42 -1.12 -0.29 0.31 0.10 -0.83 23 X Y 201809171900A  
70.46 36.50 203 2.60 -2.46 -0.14 -1.56 -0.93 0.69 23 X Y 201810071352A  
73.75 38.34 148 3.41 -4.07 0.66 -8.08 -0.05 -2.22 23 X Y 201810191325A  
77.66 40.24 12 1.06 -0.67 -0.39 2.44 0.67 -0.39 23 X Y 201811032136A  
68.54 35.93 19 2.77 -0.97 -1.80 0.39 0.31 -1.58 23 X Y 201811281444A  
70.39 35.96 157 1.09 -1.56 0.47 1.17 -1.40 0.33 23 X Y 201812140436A  
71.18 36.58 223 1.16 -0.77 -0.39 0.02 1.76 -1.58 23 X Y 201812170108A  
77.51 39.87 12 2.40 -2.61 0.22 -0.28 -0.39 -1.52 23 X Y 201901061622A  
75.51 39.55 22 0.84 -0.76 -0.08 0.63 0.10 -0.37 24 X Y 201901120432A  
70.60 36.36 215 2.96 -2.73 -0.23 2.83 0.71 0.08 24 X Y 201902021204A  
67.68 29.62 23 2.22 -0.38 -1.85 0.90 1.62 -0.78 23 X Y 201903160600A  
71.66 39.30 22 1.26 -0.54 -0.72 -0.50 0.23 -0.85 23 X Y 201907010114A  
71.02 36.44 119 1.59 -2.04 0.44 -0.34 0.71 -1.49 23 X Y 201907270656A  
71.17 36.68 225 4.79 -1.18 -3.61 -0.35 4.97 0.40 23 X Y 201908041904A  
70.03 36.50 229 3.11 -3.09 -0.01 7.39 -0.28 0.65 24 X Y 201908080045A  
70.64 36.42 213 5.06 -4.68 -0.38 4.24 -1.61 0.97 23 X Y 201908160209A  
69.37 36.40 22 0.86 0.52 -1.38 -0.09 -0.24 -0.41 23 X Y 201908212010A  
70.57 36.43 200 1.90 -1.33 -0.57 0.75 -1.48 1.20 23 X Y 201909031234A  
75.87 32.92 30 2.83 -2.15 -0.68 0.94 -0.45 1.14 23 X Y 201909090640A  
70.46 36.56 259 2.74 -4.02 1.27 0.34 2.17 -0.24 23 X Y 201909120922A  
73.85 32.83 15 1.10 -1.37 0.26 3.84 -1.06 -0.08 24 X Y 201909241101A  
70.64 36.46 196 2.83 -2.60 -0.23 3.22 -1.25 0.23 23 X Y 201910091044A  
70.54 36.49 203 4.07 -3.52 -0.55 3.21 -1.94 0.75 23 X Y 201910140111A  
78.75 41.22 12 2.58 -2.57 -0.01 -0.19 -0.83 -0.70 23 X Y 201910270529A  
70.05 36.54 211 1.43 -1.86 0.43 5.54 -1.39 -1.26 23 X Y 201911052052B  
81.16 29.22 15 2.23 -2.22 -0.01 1.30 0.06 0.50 23 X Y 201911191330A  
70.87 36.50 156 2.07 -2.51 0.44 -1.10 -0.66 0.77 23 X Y 201912040846A  
81.65 41.68 23 2.79 -2.28 -0.50 1.12 0.55 -0.57 23 X Y 201912050246A  
77.19 39.80 12 0.68 -0.51 -0.17 0.90 0.04 -0.88 25 X Y 202001191327A  
77.38 39.67 18 3.83 -3.42 -0.42 3.81 0.51 -0.19 23 X Y 202001191423A  
71.56 39.22 12 2.13 -0.53 -1.61 -0.61 -0.66 -1.14 24 X Y 202001240709A  
70.43 38.81 22 2.83 -0.02 -2.81 -0.74 -2.65 -1.41 23 X Y 202001290910A  
71.13 36.45 134 0.88 -1.37 0.48 1.25 0.62 -0.26 23 X Y 202002042032A  
79.75 41.77 28 4.08 -3.60 -0.48 -2.00 3.35 0.05 23 X Y 202002150331A  
77.42 39.84 14 1.16 -1.87 0.71 0.49 0.66 -0.88 23 X Y 202002211539A  
70.99 36.66 222 3.31 -0.99 -2.32 -0.43 2.06 1.38 23 X Y 202003301542A  
68.63 37.50 12 0.89 -0.01 -0.88 -0.05 -0.25 -0.11 23 X Y 202004242232A  
70.45 36.52 203 2.40 -1.66 -0.75 -2.41 -0.28 1.48 23 X Y 202004281115A  
78.68 40.79 30 0.81 -1.36 0.55 0.52 0.61 0.15 24 X Y 202005091535A  
72.11 37.77 140 1.03 -0.50 -0.54 -3.74 -2.15 -1.00 24 X Y 202006160130A  
70.90 36.56 226 1.87 -1.45 -0.42 1.76 1.69 -0.30 23 X Y 202006160921A  
70.83 36.31 111 1.27 -2.11 0.84 0.20 1.02 -1.02 23 X Y 202007140734A  
77.17 39.68 22 1.52 -1.45 -0.07 1.02 -0.15 -0.14 23 X Y 202008012347A  
69.63 38.64 20 0.94 -0.38 -0.55 -0.52 -0.60 -0.33 23 X Y 202008131807A  
71.22 36.42 137 1.07 -0.33 -0.73 -0.75 -0.14 -1.10 23 X Y 202008260800A  
71.53 37.65 26 1.58 -2.20 0.62 -0.02 -1.33 -0.45 23 X Y 202010290932A  
71.56 40.27 24 1.29 -0.71 -0.58 -0.69 -0.44 -1.67 23 X Y 202011060738A  
70.44 38.82 24 0.16 -1.13 0.97 3.63 0.49 0.70 23 X Y 202011101437A  
71.48 40.27 28 2.73 -1.38 -1.35 -1.30 -1.38 -1.25 23 X Y 202012261028A  
70.64 36.45 210 1.89 -1.44 -0.45 1.55 -1.57 0.65 24 X Y 202101162002A  
73.39 38.12 112 0.73 -0.51 -0.22 -0.05 -0.04 -0.57 25 X Y 202102121701A  
70.00 36.57 208 0.62 -0.85 0.22 3.10 -0.52 -0.43 23 X Y 202105280724A  
81.03 41.63 19 2.50 -2.36 -0.14 1.82 0.20 -0.25 23 X Y 202107081305A  
70.47 39.00 12 5.09 -2.37 -2.72 -1.86 -3.36 -4.60 24 X Y 202107100214A  
69.84 29.07 12 5.32 -1.83 -3.49 -0.05 -3.55 -2.91 23 X Y 202107202354A  
69.79 36.28 148 3.29 -2.87 -0.41 -1.47 -1.38 1.78 23 X Y 202108041032A  
70.10 37.51 12 3.00 -0.39 -2.61 -4.72 -0.57 -4.23 23 X Y 202108151041A  
77.83 37.90 20 2.53 -2.26 -0.28 -1.62 -0.03 0.64 23 X Y 202109040154A  
77.92 37.85 22 1.83 -1.52 -0.31 -0.63 0.26 0.59 23 X Y 202109041752A  
69.39 29.97 12 3.16 -2.67 -0.48 1.95 0.64 -1.62 23 X Y 202109171912A  
67.98 29.94 13 0.47 -0.66 0.20 0.90 0.21 0.03 25 X Y 202110062201A  
69.76 37.42 23 1.70 0.16 -1.87 0.32 -0.12 -0.38 23 X Y 202112142217B  
71.06 36.58 240 0.81 -0.01 -0.80 -0.05 0.45 0.25 24 X Y 202201011315A  
73.59 38.74 120 1.24 -2.50 1.25 -0.15 0.99 -0.20 23 X Y 202201081956A  
71.41 36.44 110 3.88 -0.83 -3.05 -2.65 1.15 -3.96 23 X Y 202201141613A  
63.50 34.96 17 0.55 0.44 -0.99 -1.07 -0.18 -0.07 24 X Y 202201171140A  
71.00 36.39 221 6.13 -6.02 -0.12 2.59 1.28 -0.33 24 X Y 202202050416A  
70.37 38.92 18 1.24 -2.35 1.11 -0.59 -0.98 -0.61 23 X Y 202204192244A  
71.43 37.42 116 1.79 1.60 -3.39 -3.20 -3.11 -1.43 23 X Y 202205050005A  
66.86 38.10 26 0.95 -0.49 -0.47 -0.59 0.07 -0.67 24 X Y 202205121027A  
70.20 36.03 112 3.64 -4.59 0.95 1.44 -0.58 0.09 23 X Y 202205240711A  
70.99 36.42 208 2.91 -2.83 -0.08 1.23 1.15 -0.27 23 X Y 202206140735A  
71.08 36.51 226 5.95 -1.94 -4.01 1.95 2.63 -1.52 23 X Y 202206170922A  
70.65 36.42 208 1.53 -1.38 -0.16 1.57 0.11 0.43 23 X Y 202206290430A  
78.04 40.93 12 3.50 -3.52 0.02 -0.57 -0.67 -1.31 23 X Y 202207022202A  
70.95 36.55 217 2.18 0.08 -2.27 0.86 1.01 0.44 23 X Y 202207181438A  
68.84 36.23 12 2.22 -0.28 -1.94 -1.31 -1.21 -1.49 23 X Y 202209021700A  
70.72 34.66 13 6.51 -4.73 -1.78 2.76 1.40 -3.75 23 X Y 202209042157A  
71.51 37.03 127 1.98 -2.86 0.88 -0.04 -1.47 0.29 23 X Y 202210102323A  
78.22 39.41 13 1.19 0.41 -1.61 0.25 0.32 0.12 23 X Y 202210160854A  
77.98 37.65 14 3.81 -4.39 0.58 0.55 -0.10 1.31 23 X Y 202210231506A  
70.97 36.91 85 3.86 -4.23 0.37 1.83 -0.05 0.33 23 X Y 202211070325A  
81.24 29.14 22 2.25 -2.02 -0.23 0.69 0.40 0.65 23 X Y 202211081522A  
81.13 29.22 12 3.23 -3.42 0.18 1.85 -0.64 1.18 24 X Y 202211082027A  
81.09 29.18 23 0.87 -0.80 -0.07 0.88 -0.12 0.21 24 X Y 202211121427A  
74.46 39.72 27 2.26 -2.37 0.12 -1.65 0.29 0.27 23 X Y 202211271958A  
79.60 41.77 23 1.05 -0.86 -0.18 0.76 0.81 -0.05 24 X Y 202212281716A  
70.60 36.46 210 0.88 -0.77 -0.12 1.02 -0.43 0.24 25 X Y 202301051425A  
71.43 35.63 108 2.74 0.71 -3.45 1.96 -0.97 -3.59 23 X Y 202301191130A  
81.60 29.37 29 1.54 -1.87 0.33 2.00 -0.30 0.35 24 X Y 202301240858A  
81.99 41.87 17 1.76 -1.94 0.18 0.42 -0.16 0.33 23 X Y 202302221025A  
70.78 36.44 192 0.56 -0.65 0.10 0.34 0.49 -0.17 26 X Y 202303211647A  
81.57 29.41 22 2.64 -1.79 -0.85 1.95 -0.25 1.20 23 X Y 202304271945A  
70.60 36.47 203 0.75 -0.61 -0.14 0.99 -0.25 0.16 24 X Y 202305030951A  
71.01 36.61 235 1.04 -0.01 -1.03 -0.10 0.75 0.06 24 X Y 202305280549A  
75.89 33.05 19 5.20 -4.83 -0.38 4.30 0.59 2.17 23 X Y 202306130803A  
71.67 37.29 134 3.22 -0.78 -2.44 1.21 -1.47 -2.76 23 X Y 202306290457A  
70.05 36.54 216 2.31 -2.26 -0.05 7.07 -1.76 -1.27 23 X Y 202307190726A  
70.67 36.41 219 5.15 -4.51 -0.64 4.70 -1.81 1.22 24 X Y 202308051601A  
70.64 36.46 213 0.93 -0.58 -0.35 0.73 -0.83 0.36 24 X Y 202308060032A  
77.49 39.87 21 1.02 -1.08 0.06 0.07 -0.71 -0.53 23 X Y 202308201528A  
70.28 36.48 193 1.58 -1.50 -0.08 1.03 -0.33 -0.22 23 X Y 202308280435A  
81.21 29.42 14 3.49 -3.77 0.28 2.44 0.05 0.88 24 X Y 202310030921A  
62.00 34.61 12 0.75 -0.71 -0.03 0.01 0.00 -0.10 25 X Y 202310070740A  
62.01 34.63 12 1.80 -1.94 0.13 0.34 -0.06 0.02 23 X Y 202310090654A  
62.03 34.59 12 2.90 -2.85 -0.06 -0.12 0.17 -0.14 25 X Y 202310110041A  
68.65 36.13 18 2.19 -0.04 -2.15 -0.38 -0.41 0.16 23 X Y 202310130003A  
62.09 34.62 12 3.56 -3.12 -0.44 -0.51 -0.30 -1.00 25 X Y 202310150336A  
62.35 34.57 12 1.22 -1.13 -0.10 0.00 0.81 0.03 24 X Y 202310150356A  
62.11 34.64 12 3.28 -3.34 0.06 0.05 0.39 0.25 23 X Y 202310281927A  
82.16 28.77 15 4.06 -3.19 -0.87 5.86 -2.30 2.42 24 X Y 202311031802A  
82.14 28.70 21 4.08 -3.22 -0.86 2.79 -1.01 2.00 23 X Y 202311061046A  
77.66 40.47 12 1.05 -1.35 0.31 0.55 -0.36 -0.76 24 X Y 202311071809A  
71.12 36.38 119 2.17 -1.08 -1.08 -2.23 -0.71 -1.46 23 X Y 202311150005A  
76.58 33.22 12 4.99 -1.47 -3.52 0.90 0.48 3.00 23 X Y 202312181018A  
76.59 33.21 21 2.24 -1.04 -1.20 0.25 0.17 0.94 23 X Y 202312181031A  
77.88 39.91 12 2.06 -2.78 0.72 7.45 4.75 0.54 23 X Y 202312190146A  
70.38 36.47 218 2.95 -2.88 -0.07 4.88 -0.93 0.65 25 X Y 202401110920A  
81.40 41.88 29 1.99 -2.03 0.04 1.53 0.87 -0.66 23 X Y 202401220433A  
78.56 41.19 16 3.35 -4.26 0.91 1.25 -2.43 -0.70 26 X Y 202401221809A  
78.54 41.21 23 2.05 -1.90 -0.15 -0.24 -0.30 0.01 24 X Y 202401222319A  
78.71 41.21 12 1.06 -1.12 0.07 0.37 -0.22 -0.22 24 X Y 202401230118A  
78.55 41.12 12 1.01 -1.07 0.06 -0.12 -0.29 -0.28 24 X Y 202401232038A  
78.51 41.09 12 3.63 -6.05 2.42 1.66 -1.45 -2.74 23 X Y 202401242221A  
78.63 41.12 12 4.03 -3.51 -0.51 0.34 -0.96 -3.05 24 X Y 202401292227A  
78.42 41.10 19 1.74 -1.79 0.05 0.62 -1.31 -0.55 23 X Y 202402031344A  
78.51 41.11 12 1.72 -1.62 -0.11 -0.22 -0.46 -0.41 23 X Y 202402031634A  
69.87 36.27 150 3.95 -3.48 -0.48 -0.06 0.09 1.25 23 X Y 202402101744A  
78.47 41.12 12 3.47 -3.69 0.22 0.17 -1.62 -1.09 23 X Y 202402232258A  
78.40 41.13 12 1.28 -1.46 0.18 0.43 -0.35 -0.39 24 X Y 202402250415A  
76.81 43.17 32 2.23 -2.47 0.23 -2.04 -1.34 -1.11 23 X Y 202403040622A  
78.71 41.11 30 1.84 -1.78 -0.06 1.41 0.51 -0.76 23 X Y 202403060009A  
82.31 41.89 15 2.15 -2.27 0.12 0.58 0.15 -0.08 23 X Y 202403140836A  
65.42 29.69 12 2.45 -1.16 -1.28 -0.81 0.25 1.43 24 X Y 202403190035A  
65.45 29.70 12 1.16 -0.28 -0.88 -0.38 0.24 0.67 24 X Y 202403192127A  
71.70 39.25 14 1.27 -0.69 -0.58 0.33 -0.75 -1.18 23 X Y 202403220347A 